Date,Open,High,Low,Close,Volume,Dividends,Stock Splits,adi,adx,aroon_25,awesome_oscillator_5_34,bcpb_20_2,cci_20,chaikin_20,BearishEngulfing,BearishHarami,DarkCloudCover,EveningStar,EveningStarDoji,GravestoneDoji,HangingMan,ShootingStar,BullishEngulfing,BullishHarami,DragonflyDoji,Hammer,InvertedHammer,MorningStar,MorningStarDoji,PiercingPattern,dpo_20,donchian_20,emv_14,force_13,ichimoku_9_26_52,kama_10_2_30,kst_10_15_20_30_10_10_10_15,keltner_20_10,macd_26_12,mfi_14,mi_9_25,ppo_26_12_9,psar_0.02_0.2,pvo_26_12_9,roc_12,rsi_14,stc_50_23_10_3_3,stoch_14_3,stoch_rsi_14_3_3,trix_15,tsi_25_13,ulcer_14,ultimate_7_14_28,volume2_3_14,vpt,vortex_14,william_r_14
2020-03-13,34.5,34.650001525878906,32.959999084472656,33.7599983215332,9429600,0,0,-502189.4579074723,0.0,,,,,,False,False,False,False,False,False,False,False,False,False,False,False,False,False,False,False,,,,,,,,0.49112388192663825,,,,,0.0,,,,,,,,,,,,-6238516.2690978935,,
2020-03-16,31.139999389648438,33.47999954223633,30.200000762939453,32.189998626708984,8836400,0,0,1383620.0955866987,0.0,,,,,,False,False,False,False,False,False,False,False,False,False,False,False,False,False,False,False,,,,,,,,0.3625082127265024,,,,,0.0,,,,,,,,,,,,-6739119.277257408,,
2020-03-17,32.790000915527344,34.060001373291016,31.649999618530273,33.38999938964844,6050900,0,0,4070111.754543514,0.0,,,,,,False,False,False,False,False,False,False,False,False,False,False,False,False,True,False,False,,,,,,,,0.5941733193392242,,,,,1.0,,,,,,,,,,,,-185364.83468953025,,
2020-03-18,31.559999465942383,32.790000915527344,31.0,31.770000457763672,6655400,0,0,3140587.0903006354,0.0,,,,,,False,False,False,False,False,False,False,False,False,False,False,False,False,False,False,False,,,,,,,,0.3062524608842897,,,,,0.0,,,,,,,,,,,,-97333.71250862809,,
2020-03-19,31.549999237060547,33.84000015258789,31.40999984741211,33.79999923706055,7070300,0,0,9978114.71372884,0.0,,,,,,False,False,False,False,False,False,False,False,False,False,False,False,False,False,False,False,,,,,,,,0.7306032168738467,,,,,0.0,,,,,,,,,,,,128865.67249992565,,
2020-03-20,34.0,35.7400016784668,33.380001068115234,33.56999969482422,6836500,0,0,4242398.845562156,0.0,,,,,,False,False,False,False,False,False,False,True,False,False,False,False,True,False,False,False,,,,,,,,0.6267907062238245,,,,,2.0,,,,,,,,,,,,405248.4989540117,,
2020-03-23,34.150001525878906,34.75,32.65999984741211,34.099998474121094,5547200,0,0,6339179.514357023,0.0,,,,,,False,False,False,False,False,False,False,False,False,False,False,True,False,False,False,False,,,,,,,,0.7175489290230834,,,,,0.0,,,,,,,,,,,,41057.999925157186,,
2020-03-24,35.04999923706055,36.130001068115234,34.7599983215332,36.04999923706055,6223000,0,0,11835390.614268478,0.0,,,,,,False,False,False,False,False,False,False,False,False,False,False,False,False,False,False,False,,,,,,,,1.1038074581678228,,,,,0.0,,,,,,,,,,,,443439.3294835498,,
2020-03-25,35.849998474121094,38.779998779296875,35.79999923706055,37.2599983215332,8268200,0,0,11668912.95290868,0.0,,,,,,False,False,False,False,False,False,False,False,False,False,False,False,False,False,False,False,,,,,,,,1.2523686877418023,,,,,0.0,,,,,,,,,,,,633378.6021560163,,
2020-03-26,37.02000045776367,38.47999954223633,36.709999084472656,37.0099983215332,6214400,0,0,7561083.321985933,0.0,,,,,,False,True,False,False,False,False,False,False,False,False,False,False,True,False,False,False,,,,,,37.0099983215332,,1.1327614558671486,,,,,0.0,,,,,,,,,,,,235821.55236820068,,
2020-03-27,36.20000076293945,36.20000076293945,34.720001220703125,35.31999969482422,11250400,0,0,5432608.891033264,0.0,,,,,,False,False,False,False,False,False,False,False,False,False,False,False,False,False,False,False,,,,,,36.97639425369634,,0.7338970158403981,,,,,0.0,,,,,,,,,,,,-555426.5721287922,,
2020-03-30,35.529998779296875,36.15999984741211,35.2400016784668,35.630001068115234,7140100,0,0,4346074.5089325225,0.0,,,,,,False,False,False,False,False,False,False,False,False,True,False,False,False,False,False,False,,,,,,36.890564521073266,,0.7935831848223017,,,,,0.0,,,,,,,,,,,,-451062.18129206577,,
2020-03-31,35.709999084472656,36.709999084472656,35.43000030517578,36.029998779296875,9930700,0,0,3725390.9610222634,0.0,,,,,,False,False,False,False,False,False,False,False,False,False,False,False,False,False,False,False,,,,,,36.84888968752189,,0.8713729791730603,,,,,0.0,,6.723935339522198,,,,,,,,,,174154.50794039314,,
2020-04-01,35.72999954223633,37.33000183105469,35.41999816894531,35.900001525878906,9897000,0,0,-1197175.4105884545,0.0,,,,,,False,False,False,False,False,False,False,False,False,False,False,False,True,False,False,False,,,,-1678437.0488285024,,36.73306058796358,,0.8096785181737556,,68.96521274814683,,,0.0,,11.525327919994453,58.93952295816187,,,,,,3.0349611653112927,,1178545.2380952379,75777.65234121027,,-33.56640931533282
2020-04-02,33.900001525878906,36.77000045776367,33.900001525878906,36.279998779296875,7576200,0,0,3792019.643063222,0.0,,,,,,False,False,False,False,False,False,False,False,False,False,False,False,False,False,False,False,,,4.363963797345475,-1027383.8716608287,,36.698688268743524,0.0,0.877788298048223,,64.00020686073415,,,0.0,,8.655284344043428,60.97992510198578,,,,,,3.1153034625459624,,1456297.6190476194,44484.521825589574,0.12975396299085196,-29.13753587394601
2020-04-03,36.400001525878906,37.650001525878906,36.220001220703125,36.900001525878906,7498000,0,0,3424986.3565021576,0.0,,,,,,False,False,False,False,False,False,False,False,False,False,False,False,False,False,False,False,,,11.753535387712796,-216503.23372755758,,36.721004329040746,12.414820590901854,1.0056147389430694,,71.48505947322712,,,0.0,,16.147311911232944,64.1133715572756,,71.04385396692123,,,,2.8682773813413056,,740997.6190476185,208329.36126471433,0.38374491659896215,-24.16449290995744
2020-04-06,37.5,38.5,37.40999984741211,38.4900016784668,7970800,0,0,11249557.714079231,0.0,,,,,,False,False,False,False,False,False,False,False,False,False,False,False,False,False,False,False,,,9.862259183126051,1624936.2591260301,,36.96899512321043,27.046550177537483,1.378079664938855,,72.25582836764075,,,0.0,,13.875747181271597,70.62758606037477,,80.99016715630201,,,,2.8532821333493965,,-38204.761904761195,471593.43838624074,0.3950617092912574,-3.7274697471904603
2020-04-07,38.65999984741211,41.209999084472656,38.560001373291016,40.630001068115234,11648400,0,0,17799048.48466314,0.0,,,,,,False,False,False,False,False,False,False,False,False,False,False,False,False,False,False,False,,,14.842754624433502,4953883.77787672,,37.49982696877685,41.50260045123923,1.8281192484855675,,79.1458274740325,,,0.0,,21.03068643869996,76.74588150796438,,88.72989659213833,,,,2.3789466349756085,,962552.3809523806,991094.7656591213,0.5878660689952195,-5.9183475664370455
2020-04-08,40.0,40.47999954223633,38.93000030517578,39.709999084472656,6820600,0,0,17843044.991383165,0.0,,,,,,False,True,False,False,False,False,False,False,False,False,False,False,False,False,False,False,,,12.758468890150752,3349762.448232536,,37.626622567956204,55.23792232855243,1.5513606373366038,,72.79721477759212,,,0.0,,16.45161542927652,69.9956076762405,,90.93677382392127,,,,2.454713567909882,,754588.0952380942,493195.8334355675,0.5381037117349655,-17.54386121460864
2020-04-09,40.400001525878906,41.83000183105469,40.18000030517578,41.040000915527344,7673100,0,0,18168568.72571402,0.0,,,1.0010358743081347,170.3122435837943,0.11460129689255279,False,False,False,False,False,False,False,False,False,False,False,False,False,False,False,False,1.3184986114501953,0.9320721545165453,9.984001111804613,4329115.962751563,,37.975467625473854,69.04389803686541,1.831153861797615,,73.3170298287843,,,0.0,,13.84189121795297,73.60940397874845,,89.30757800851585,,,,2.44796737282666,,595597.6190476194,102552.46194806058,0.4969324106106682,-8.615057193406773
2020-04-13,41.02000045776367,42.09000015258789,40.79999923706055,41.41999816894531,4847500,0,0,17980669.794419922,0.0,,,0.9624513035550489,156.4487624028871,0.12005356920509547,False,False,False,False,False,False,False,False,False,False,False,False,False,False,False,False,0.6854986190795884,0.9436499564309575,13.121337277989998,3973818.923207569,,38.88004483352822,99.96594517305982,1.8443430574007953,,77.8299996331202,,,0.0,,11.164788069805073,74.55246010302463,,88.55344927307966,,,,2.44796737282666,,-1621390.4761904757,301878.0734825725,0.6079523184102735,-8.180733772745544
2020-04-14,42.400001525878906,43.97999954223633,42.34000015258789,43.029998779296875,6797000,0,0,16903087.36901589,0.0,,,1.0227777795396829,175.4283742483139,0.10215841597299813,False,False,False,False,False,False,False,False,False,False,False,False,False,False,False,False,-1.5465000152587862,0.9268104162986914,13.340883990695048,4969441.098257855,,40.061478646336575,132.3684325727748,2.188626778142652,,78.1965762279639,,,0.0,,16.265876062634423,78.11997942212527,,91.25986547857725,,,,2.44796737282666,,-1670257.1428571427,309084.19053683145,0.5768948612939025,-9.424612598115887
2020-04-15,42.34000015258789,44.0,42.34000015258789,43.88999938964844,5098400,0,0,21325791.99146424,0.0,,,1.006850524236878,157.12275130880266,0.11430388489990094,False,False,False,False,False,False,False,False,False,False,False,False,False,False,False,False,-1.7614986419677763,0.9915384145883414,8.614362179543944,4885896.243051934,,41.17666535212773,161.80329776817553,2.3178216370187528,,77.74763700932988,,,0.0,,24.26387250529921,79.75281544621541,,93.7685128368741,,,,2.44796737282666,,-2302076.1904761903,366097.241036642,0.46554351186711174,-1.089115118516241
2020-04-16,44.33000183105469,46.4900016784668,44.20000076293945,45.119998931884766,8685400,0,0,19619037.320710793,0.0,,,1.0266463623470956,171.19010961697964,0.10770707606880672,False,False,False,False,False,False,False,False,False,False,False,False,False,False,False,False,-2.029000854492189,0.9091510225309957,12.090019090764736,5714059.354635859,,42.44212201559337,176.93593287568592,2.4453822717422766,,78.56404080307831,,,0.0,,26.63485147145278,81.84017550005936,,92.86819949827401,,,,2.4413905750750913,,-1199276.1904761903,345301.81853355526,0.5751389887386459,-10.881673788545788
2020-04-17,45.68000030517578,45.790000915527344,42.77000045776367,44.459999084472656,9363300,0,0,20735182.183564868,0.0,80.0,,0.9218613928613034,128.47399552872488,0.06927252692020304,False,False,False,False,False,False,False,False,False,False,False,False,False,False,False,False,-2.691998100280763,0.8532174746762611,11.642589834224706,4014939.9366487646,,42.94431666974362,185.9761388041307,2.085879856613762,,78.26479747562485,,,0.0,,23.397170665517,77.23875862898903,,90.63509427378847,,,,2.043734055772742,,-209050.0,106441.69772146034,0.6004332602412824,-16.123928271572506
2020-04-20,45.119998931884766,51.4900016784668,45.06999969482422,50.11000061035156,18304600,0,0,31170511.234495815,0.0,88.0,,1.152455495756924,189.47466199452126,0.16148376616935015,False,False,False,False,False,False,False,False,False,False,False,False,False,False,False,False,-3.13900089263916,0.9267126429143879,21.442608607952724,18215808.221499372,4.180000305175781,45.11532514019824,190.5990054687161,3.1190359583446687,,81.02615820500105,,,0.0,,39.58216846935013,85.00912415751637,,88.3830084166781,,,,1.676268338169367,,3395552.3809523806,2189195.659306559,0.7144122364709804,-7.8453726898473315
2020-04-21,50.0,51.5,48.369998931884766,50.939998626708984,11537800,0,0,38579760.66588674,0.0,92.0,,1.0785512741033965,183.30808493018526,0.18663694934860436,False,False,False,False,False,False,False,False,False,False,False,False,False,False,False,False,-3.3609981536865234,0.9681817373953505,24.30890563994208,16981600.0631607,4.364999771118164,46.843942559642706,190.68620407850622,3.0567603489619906,,81.82659309108149,,,0.0,,40.4079391970041,85.77726657468429,,90.94962425937172,1.0,,,1.4253025700593713,,4231559.523809522,2517265.3812191985,0.749438472237757,-3.181826260464951
2020-04-22,51.70000076293945,53.66999816894531,51.70000076293945,52.150001525878906,8832300,0,0,33782533.73389494,36.944096140100264,96.0,,1.03499825852659,184.54656317086966,0.12515892473420354,False,False,False,False,False,False,False,True,False,False,False,False,True,False,False,False,-2.575998115539548,0.9231159888133067,28.269701278743685,16082386.997900385,4.590000152587891,48.37432083569135,186.89709512036256,3.10643444504849,,82.18326779621063,,,0.0,,41.32791157015207,86.8362482921211,,93.76146664367279,1.0,,,1.039168262381657,,4130609.5238095224,400904.5613831035,0.8557319634743326,-7.688401118669328
2020-04-23,51.529998779296875,52.220001220703125,48.95000076293945,49.16999816894531,8326400,0,0,26576492.232327644,37.171159340532505,88.0,,0.8483834640253529,125.67718414783249,0.08498589198607955,False,False,False,True,False,False,False,False,False,False,False,False,False,False,False,False,-1.031498718261716,0.7723823589227463,25.192875431610986,10240231.719461493,4.899999618530273,48.504702544690815,175.8887918702862,2.252367259435423,,79.98949950083318,,,0.0,,27.747456546496934,72.51589783582693,,87.78060083162306,0.36978268097833195,,,1.7082479102993737,60.440056978330134,750957.1428571437,-265996.83182790806,0.7889307569471252,-25.787970125996523
2020-04-24,49.70000076293945,50.58000183105469,49.18000030517578,49.56999969482422,4513700,0,0,24577561.270098556,37.38200374093388,88.0,,0.828590474982474,105.48258144133479,0.09795815680873905,False,False,False,False,False,False,False,False,False,False,False,False,True,False,False,False,-2.579500770568849,0.7926151153111594,21.451332546228112,9035268.17201837,5.465000152587891,48.666232269828164,166.3250368512325,2.216487837186743,,75.68427614016679,,,0.0,,22.003441771318904,73.15582742971412,,80.43612779472471,0.18765436693029136,,,2.1446869195078206,57.695795982616296,-1377245.2380952379,-439075.52864388056,0.6642232868763273,-25.215245371159995
2020-04-27,51.150001525878906,51.880001068115234,50.61000061035156,51.189998626708984,4717600,0,0,24168933.95627524,37.85469791158963,84.0,,0.8606268980975109,112.05017570654512,0.11207350368522576,False,False,False,False,False,False,False,False,False,False,False,False,False,False,False,False,-2.0429988861084,0.8745574120718884,23.07976484038909,8836302.284738543,4.840000152587891,49.08956860050795,163.43258467687622,2.419105097031243,,75.40375069125953,,,0.0,,28.909594074317717,75.63058937917788,,77.52793750323177,0.3346061371099882,,,2.2003940171318006,58.751711803545696,-2516440.4761904757,190895.33335394683,0.668441778548325,-16.412971993148187
2020-04-28,51.22999954223633,51.5099983215332,47.83000183105469,48.060001373291016,6675600,0,0,18327783.091281444,36.95898048499564,68.0,,0.6999362939052455,75.10183185767724,0.08386623220519004,True,False,False,False,False,False,False,False,False,False,False,False,False,False,False,False,-2.28450164794922,0.716236836204937,13.741843246112074,4589029.149073467,5.055000305175781,49.036226354715076,150.619009423613,1.4662783679125408,,68.51507583845142,,,1.0,,17.10526389171614,63.45798288512476,,73.43736578879259,0.0,,,3.038951638873395,52.15828023232689,-2711507.1428571427,-254001.52392074498,0.4728640005927587,-38.059685269314045
2020-04-29,48.16999816894531,49.79999923706055,47.77000045776367,48.86000061035156,4901000,0,0,18689929.85010223,36.10032751072198,68.0,,0.7146793120427838,63.51398833460969,0.09255383403055444,False,False,False,False,False,False,False,False,False,True,False,False,False,False,False,False,-1.3160011291503935,0.756702156027898,11.415683386766162,4493567.307896364,4.434999465942383,49.02720985483064,139.8660830997802,1.485720526030952,,68.9292925525946,,,0.0,,17.962343723579398,65.00816634516686,,69.95710455894523,0.06630874588232627,,,3.4222587069298784,45.76125884143011,-2445292.8571428573,-326596.30164497124,0.43254362051984363,-35.65602906070205
2020-04-30,48.529998779296875,48.869998931884766,46.75,47.439998626708984,4777000,0,0,17022481.831676513,34.8373740864002,68.0,8.821676461836873,0.6278824442809577,41.702219069852944,0.11637142499085033,False,False,False,False,False,False,False,False,False,False,False,False,False,False,False,False,-1.0330003738403306,0.6848760445075104,6.328206004091134,2882579.195931084,5.584999084472656,48.996445573658015,127.69617725008683,1.0519058082734516,-0.23223439951848546,63.97281033533221,,8.571257510085774,0.0,-1.6031593831556643,10.248663659116586,60.131981515303146,,59.29237893407528,0.0,,,4.187878536662746,40.60481636063598,-2218628.571428572,-57251.089257504296,0.3153963370467041,-48.40714886775804
2020-05-01,46.54999923706055,46.97999954223633,44.79999923706055,45.43000030517578,5553300,0,0,14678892.328741996,32.844135544415465,68.0,7.668234976600196,0.5027479834466404,5.865249180049304,0.0704461361630238,False,False,False,False,False,False,False,False,False,False,False,False,False,False,False,False,-0.2605009078979492,0.5277937361129693,0.10816925294079661,876193.0709451672,5.44999885559082,48.96516827916315,113.79197209803296,0.5105305748750735,-0.5190212267002465,59.45126819798866,,8.21159187986715,0.0,-3.363499279497103,3.5087740645778105,53.96189998846591,,47.73651848863464,0.0,,,5.4220660138325405,38.06508635582866,-2643142.8571428573,-374121.65754285885,0.18735998027254153,-72.72726660563599
2020-05-04,45.720001220703125,47.33000183105469,45.08000183105469,46.369998931884766,4830900,0,0,15387411.879319794,31.115622467252376,64.0,6.237735125597787,0.5317489731318398,7.578004719153464,0.07876509729940309,False,False,False,False,False,False,False,False,False,True,False,False,False,False,False,False,-1.394000625610353,0.5510455110322418,-1.7995961675239407,1399742.5416342053,5.44999885559082,48.84927283490693,93.15013446753802,0.6119699733495548,-0.643587774999077,58.90064252101233,,7.790138579115023,0.0,-5.0882216226834895,2.770390136504785,56.2241281245827,,38.14495502126721,0.06881438729129909,,,6.178449585564312,42.493679679887535,-2526073.8095238097,-135332.4497104811,0.13114349840984152,-64.43071946280433
2020-05-05,47.900001525878906,50.04999923706055,47.75,48.720001220703125,9004900,0,0,13977961.348662058,30.381546761036713,56.0,5.611823295144475,0.6576178311465514,49.002395837164705,0.017843339523839343,False,False,False,False,False,False,False,False,False,False,False,False,False,False,False,False,3.7445009231567354,0.672402515024634,3.093908576588934,4222855.837197954,4.725000381469727,48.84659959767512,77.77877548510133,0.9890101122092322,-0.5684978045110434,60.58124164682092,,7.414091456679786,0.0,-5.7087768446551515,9.581651425895428,61.338824021712206,,39.14306278556797,0.2243975748235922,,,6.423643090450577,45.90282002734336,-1395809.5238095243,556319.492448537,0.23293558215322796,-45.41282557485575
2020-05-06,49.650001525878906,50.290000915527344,49.02000045776367,49.20000076293945,4172200,0,0,10988433.793641828,29.77072280307974,56.0,5.263470515082858,0.6699948690136783,56.31834112450416,-0.04683004148328018,False,False,False,False,False,False,False,False,False,False,False,False,False,False,False,False,4.145998954772949,0.6967436869856692,0.6393108299592615,3905684.159043733,4.555000305175781,48.857378380613994,63.00190589475072,1.0060359355067574,-0.49024682149791676,59.15433218020373,,7.084736493704453,0.0,-6.726873672831228,-1.816004462837952,62.307540550760336,,49.715765279094875,0.25386482144701566,,21.186173720184385,6.5991536727354925,43.16580962680106,-1533804.7619047612,497468.02886612504,0.17910455144595394,-41.009159125055255
2020-05-07,49.79999923706055,50.150001525878906,48.900001525878906,50.04999923706055,4682800,0,0,14921968.644716047,29.145236762441794,52.00000000000001,5.10941205866196,0.7136350642215582,55.444054080430085,-0.020385082687348722,False,False,False,False,False,False,False,False,False,False,False,True,False,False,False,False,4.839001846313479,0.7316531130366523,2.845022805209392,3916353.972696665,4.555000305175781,48.86987552757484,57.44987476772825,1.0853400773494934,-0.38938678378538416,66.00322977575621,,6.813293106217804,0.0,-7.832999202065354,-1.7471523628620416,64.02650271479615,,57.58876583734292,0.3061536804734527,,21.157537726821644,6.67489671176415,50.38835251515594,-1248850.0,122007.26452248488,0.2350385094154236,-40.811717788060214
2020-05-08,50.88999938964844,55.119998931884766,50.720001220703125,54.599998474121094,7436000,0,0,20600366.18319466,29.862313979061547,96.0,5.975412234138034,1.0099517725652207,138.24219060080665,0.016998717702581944,False,False,False,False,False,False,False,False,False,False,False,False,False,False,False,False,1.1809986114501925,0.9636871180973824,7.173218255144063,8190274.023280317,5.44999885559082,49.17668223172148,62.628307750082186,1.856401631103445,-0.04263018237817384,62.22706276443309,,6.725088582289688,2.0,-8.239882563056074,4.697980587836419,71.51515359640618,,71.04678627075491,0.5339498579805636,,23.75272664092435,6.67489671176415,56.69694447442207,-995488.0952380951,756901.782988001,0.18416812277039463,-5.038764274619768
2020-05-11,54.43000030517578,55.779998779296875,53.84000015258789,54.939998626708984,4830100,0,0,21247695.452168368,30.666533078755403,96.0,7.075676480461574,0.9886789918873018,167.5133573895083,0.0228398965728432,False,False,False,False,False,False,False,False,False,False,False,False,False,False,False,False,0.9050001144409165,0.9374999822605206,9.388518534829563,7254839.839528096,4.289999008178711,49.403465790572014,62.741604935898636,1.7717382593729882,0.17149692387419702,59.367381372866156,25.68284062676396,6.746603433276675,0.0,-8.817613639913427,11.734799008814845,71.98447691222607,,82.16641433488059,0.5482261353833832,,25.946259888810015,6.67489671176415,57.631696162153595,-297066.666666667,706077.4570801781,0.20333813097432585,-7.650274932678234
2020-05-12,55.779998779296875,60.599998474121094,55.720001220703125,57.83000183105469,11057300,0,0,19752249.091532312,32.25578940335962,92.0,8.259588286455937,1.0988625716895755,225.87351617206775,0.019342499097196087,False,False,False,False,False,False,False,False,False,False,False,False,False,False,False,False,1.784998893737793,0.848302470006261,15.567852705913692,10783524.495511474,3.6949996948242188,50.877722037073774,74.00676372903274,2.100070106135611,0.45361389659713813,61.03515040141036,25.956720641532964,6.906547846768061,0.0,-7.934498322822494,16.663308830104604,75.65605744576412,,89.9264452076473,1.0,,29.178469194616607,6.67489671176415,58.866000815640504,1668838.0952380951,611723.5963511745,0.22916687516029477,-17.531625169760073
2020-05-13,59.040000915527344,60.97999954223633,57.84000015258789,59.83000183105469,10451600,0,0,22548232.26701328,33.787771015426344,96.0,9.559999858631805,1.10848162203459,218.42741255965694,0.008007925616978172,False,False,False,False,False,False,False,False,False,False,False,False,False,False,False,False,-2.141998481750491,0.9368480082922012,24.141182723513456,12229192.424724123,3.1199989318847656,52.57165778958846,86.97338477356578,2.2764563476403707,0.7057247594363196,71.97497689396386,26.10727165327247,7.183044455256084,0.0,-6.371986552114713,16.878303254803527,77.82220956969209,,89.23685800151276,1.0,,32.66202054794323,6.49783652290636,60.45033426482133,2522238.095238094,943105.4748922391,0.4027349493637249,-7.107525893023443
2020-05-14,58.380001068115234,61.0,57.349998474121094,60.84000015258789,6802200,0,0,28754075.824776135,34.96114624279087,96.0,10.855293520759133,1.0592361640254893,178.26377615008727,0.06058899085143495,False,False,False,False,False,False,False,False,False,False,False,False,False,False,False,False,-2.1279993057250977,0.9912232665150972,24.80238656066043,11463623.590153985,3.075000762939453,54.874198797243864,103.48572789800932,2.284626259838797,0.8610242221163142,77.80552838189703,26.296855339125354,7.523542403318276,0.0,-5.256608222615745,26.59175699982244,78.8458983985408,,91.45773186821434,1.0,1.0217479840567218,35.8345066680922,6.361888891203397,65.03400435287739,3016140.4761904767,476288.29329698253,0.40365868613241906,-0.9876533325735336
2020-05-15,60.599998474121094,62.90999984741211,60.599998474121094,61.29999923706055,7098500,0,0,25957699.16823245,36.360040076275524,96.0,11.848911038567039,1.0062004881304627,175.60113997818985,0.03516709101373546,False,False,False,False,False,False,False,False,False,False,False,False,True,False,False,False,-4.39000129699707,0.9110988097133859,28.17468543773259,10292435.00600758,3.7849998474121094,57.730110103829055,121.76672380709738,2.234232663742398,0.9104410054909411,78.68763963652128,26.415994962579507,7.874939053611925,0.0,-4.404523270376923,25.46049625728704,79.31421831145202,,94.33823391524724,1.0,1.0946217261314968,38.53766600925916,6.342836779871899,63.410367734681316,1526476.1904761903,168499.19475001007,0.46439035264742834,-8.890119028661415
2020-05-18,62.59000015258789,67.08000183105469,62.15999984741211,66.45999908447266,7788400,0,0,31783161.182624396,38.210294386871354,96.0,12.960323075687185,1.1127345571203693,190.16539237841127,0.004439826973399415,False,False,False,False,False,False,False,False,False,False,False,False,False,False,False,False,-7.217499542236325,0.9721722318493283,47.30385227122086,14563250.406804278,4.05000114440918,61.610060761892875,115.66658660357703,3.09685798348233,1.1887700567407213,85.8684363775206,26.66737371416205,8.3364559196572,0.0,-3.6021198318618355,40.092750860779546,83.67907677035456,,95.77981694123265,1.0,1.1841140410316098,42.803109749035514,5.986491892862952,67.96767454651395,559257.1428571427,709268.1102962656,0.6477959811322056,-2.782776815067162
2020-05-19,66.95999908447266,69.5,62.77000045776367,63.09000015258789,9726100,0,0,22981979.23419253,40.18698286980982,92.0,13.671058430391199,0.9058791118209407,154.352715740382,-0.11453974126267327,False,False,False,False,False,False,False,False,False,False,False,False,False,False,False,False,-6.885000991821286,0.7404858441530963,57.41010647543101,7800365.118488752,3.280000686645508,61.943146041480055,101.07036455609932,2.2107329452557036,1.0489123720585827,79.71065350421354,27.042254807362134,8.718893196941563,0.0,-2.4576801736302927,38.872990818360456,72.86516246619608,,87.45856285719371,0.6361055969909937,1.2619956335387827,42.80371493142652,5.901848025656135,54.528792311788656,1189240.4761904757,162414.6967039588,0.6845189447206464,-25.95141558469037
2020-05-20,63.34000015258789,63.88999938964844,59.779998779296875,60.900001525878906,12679900,0,0,17212794.91176063,40.681166334363134,84.0,13.40723477531882,0.7871819977962531,93.16509326863074,-0.11833372365843577,False,False,False,False,False,False,False,False,False,False,False,False,False,False,False,False,-4.972498703002927,0.6518219348792587,50.54522798654166,2719032.4463036098,4.190000534057617,61.79782468738013,82.59653372319144,1.70194620794423,0.7271890931639646,72.43205136692839,27.335031607409714,8.94737122645331,0.0,-0.600756053774711,31.33492113152298,66.8217446983999,,78.8160003627228,0.43274113164651345,1.3157024034528535,40.77982191921612,5.831341016525274,51.843720026942435,2485214.2857142854,-933331.4887458142,0.52359917714706,-34.817806512074135
2020-05-21,59.13999938964844,60.75,57.02000045776367,60.0,12113200,0,0,24454734.260316618,40.0772194314464,84.0,12.656587937298944,0.7278055647352271,58.88965617066172,-0.014753661348932029,False,False,False,False,False,False,False,False,False,False,False,False,False,False,False,False,-5.033999252319333,0.6153846272647061,49.44040950060424,773185.1706493276,5.534999847412109,61.606181387464346,65.37052994165361,1.4647974904293701,0.3890084393091735,67.27356797507309,27.491594120427898,9.020778908579873,1.0,1.4347101465541625,23.15270627395539,64.45577803454935,,66.77607869457182,0.2998239048330675,1.3439186978706208,38.436810962120035,5.37519340201503,54.82108829028477,3458250.0,-619161.5221727355,0.47050763728069134,-38.90254181952013
2020-05-22,62.61000061035156,69.20999908447266,60.130001068115234,68.69999694824219,25121000,0,0,46753759.268435456,40.72819134071982,60.0,12.42385286443374,0.9849560741545396,120.65621873425486,0.1348756352547805,False,False,False,False,False,False,False,False,False,False,False,False,False,True,False,False,-5.140500640869142,0.9676112134798733,63.328110634697865,31884533.480098277,6.475000381469727,62.6237453305279,61.62757729448202,2.527736306271151,0.6700034567038253,73.18223025096471,27.71948824165736,9.205303467989614,0.0,5.383558417097635,39.63413797341109,74.02870835049967,,74.20049223926507,0.5680277869532451,1.3867725615168278,39.94009493014515,4.485338859669798,62.55028111208178,7140590.476190478,3463530.615381278,0.6026901146981222,-3.6781749506106323
2020-05-26,69.69000244140625,69.69000244140625,63.29999923706055,64.88999938964844,17196400,0,0,38115188.66212575,41.387337709877976,60.0,11.95944107280058,0.8127143067522546,105.78046659872575,0.07883765317182358,False,False,True,False,False,False,False,False,False,False,False,False,False,False,False,False,-1.2755014419555692,0.8071513686699827,63.25528650028519,17969851.26628402,6.1100006103515625,62.77814834623547,52.509103859243965,1.7559195117074633,0.5244698690737613,62.21176447113026,27.603564083807676,9.320336057613009,2.0,8.90491464760731,29.650350407197028,65.68545590677648,,78.11041549320076,0.15805674057811286,1.4174805536868162,37.957351773319225,4.384655225781296,55.60599681405805,8060983.333333332,2688857.4788006674,0.5609555269177463,-23.088036750267065
2020-05-27,63.16999816894531,63.66999816894531,59.880001068115234,60.31999969482422,8977600,0,0,31222092.45780276,40.88958207748728,60.0,10.443617439270021,0.6361550566686835,51.78817471057497,0.07195469076252799,False,False,False,False,False,False,False,False,False,False,False,False,False,False,False,False,-1.5485012054443388,0.6235435299202347,47.380843545835674,9541639.762492888,6.1100006103515625,62.74779415127838,33.90859846022363,1.039533609221196,0.06952859244123477,57.53350308174819,27.456232734530342,9.242443576586084,0.0,10.870416236145935,10.476193004683413,57.33800375658535,,76.05467733434578,0.0,1.4167890617704757,33.1324451702671,5.250469881614956,52.012350474575626,6672540.476190476,-1585950.5314458725,0.36014963080881157,-45.06975629608508
2020-05-28,59.77000045776367,61.9900016784668,59.560001373291016,60.36000061035156,7386500,0,0,28699126.30342528,40.32817268563393,60.0,9.611911998075598,0.6202074074146448,40.42584474882692,0.05509066170419966,False,False,False,False,False,False,False,False,False,False,False,False,True,False,False,False,0.7665019989013686,0.6251506376091706,45.27886698063043,8220757.90535715,6.1100006103515625,62.73433408923155,18.61813891597029,0.960912237073622,-0.26145365653482777,53.65847780774892,27.32107403065181,9.027835344955731,0.0,11.503946440102458,9.865311465456887,57.38904772172436,,60.886426688507925,0.0019378088778815722,1.392743457434211,29.640525604503704,6.077485838659115,47.39608815384911,567919.0476190485,-627365.9662816998,0.327005503103471,-49.18292688812421
2020-05-29,61.38999938964844,67.08999633789062,61.099998474121094,66.87000274658203,15041700,0,0,42635958.59640942,40.527420521379476,60.0,9.974793894150679,0.8248275361018624,84.08774712785629,0.13343785726500937,False,False,False,False,False,False,False,False,False,False,False,False,False,False,False,False,1.795001792907712,0.8867015133878385,40.37340446973334,21035149.509240106,6.1100006103515625,62.8485651412657,17.143342849816634,1.6730523083319582,-0.0838938834751124,56.40808798584536,27.24118816717334,8.888237132001045,0.0,12.308039601975839,15.632025988753934,64.77561323905516,,62.65184106771918,0.2823578780781621,1.3770135144114208,29.380136786368087,6.11904069556661,57.350920081326414,-693578.5714285709,1627189.5433942152,0.33368161857526357,-17.791793612633313
2020-06-01,65.91000366210938,67.45999908447266,64.80000305175781,65.76000213623047,6250000,0,0,40897239.218005225,40.759697378157924,60.0,9.54076464035932,0.7643749897844364,92.26414893785923,0.1360950653825059,False,True,False,False,False,False,False,False,False,False,False,False,False,False,False,False,1.7885000228881864,0.8403088091138556,41.13756397852999,17039056.177249055,6.1100006103515625,62.904314170443875,10.920838683591342,1.3907670201906506,-0.0829973622475384,57.056117137818475,27.19634998177325,8.750592961007143,0.0,11.915750848026724,9.911415884493291,62.77735729440203,,68.29785632133878,0.20649703734443084,1.359620287513722,28.48963976969157,6.225013357151047,58.019645363982555,-1704200.0,1518545.094451129,0.33441660598085954,-28.131710535226283
2020-06-02,67.47000122070312,69.7300033569336,66.29000091552734,67.30000305175781,10648100,0,0,36501811.377388485,41.26198009469493,60.0,9.112882479499362,0.8064989159687915,111.69665347318266,0.10638879748301931,False,False,False,False,False,False,False,False,False,False,False,False,True,False,False,False,1.2019989013671903,0.8894449529549668,34.915266414110036,16947488.687445864,6.1100006103515625,62.932422244473855,0.32211121453946134,1.4364668942771277,-0.02357086758456095,57.39844560758203,27.21193775387239,8.63848460235623,0.0,11.393538715153689,10.618019202774672,64.41741641404538,,78.31923124027759,0.26875946373784476,1.344488954703891,28.344972570097454,6.2487933545754455,55.45197382103521,-587771.4285714291,145616.452059569,0.29843970729522584,-19.118802131307792
2020-06-03,68.0,69.98999786376953,67.0999984741211,68.1500015258789,6613200,0,0,34694065.80534217,41.7609265004885,60.0,9.720558716269103,0.8213966893346496,114.17118833467106,0.10565516714546899,False,False,False,False,False,False,False,False,False,False,False,False,True,False,False,False,5.390498733520509,0.9127550186158706,33.90280397992195,15329448.86196183,6.1100006103515625,63.07505602401448,-8.906226157680976,1.4131859160333278,0.025445224401936528,56.66248000303411,27.086319149860124,8.54721929333647,0.0,10.180247076621528,11.174555259499918,65.3255377610857,,79.52097610193117,0.30323495175481435,1.331373402982351,28.522177590527043,6.252455396243973,47.48418982734956,-3123100.0,332887.2398549863,0.2778706713774358,-14.18655902767259
2020-06-04,67.8499984741211,68.44000244140625,65.3499984741211,66.2699966430664,6528400,0,0,32053114.565752327,41.594292636237334,60.0,10.310734995673684,0.7222338183196103,81.381952214779,0.10615726921019861,False,False,False,False,False,False,False,False,False,False,False,False,False,False,False,False,1.1670000076293974,0.8236129982621329,29.22513971670814,11386181.327831123,7.380001068115234,63.17026362914425,-18.298350176183533,1.053699182738126,-0.10891365813068177,52.378016599476936,26.988663795704767,8.405086804219005,0.0,8.532497265991397,-0.28588992480236297,61.581971623279046,,79.33768361084151,0.16111598280279832,1.3099266218376129,27.521089992945,6.323516122202698,48.026833748896465,-3010742.8571428563,-96569.59628076019,0.23684617062691393,-28.681588008495275
2020-06-05,67.75,73.16999816894531,67.55999755859375,69.69999694824219,10034000,0,0,29674284.45507852,42.07817004832617,96.0,10.797529287899238,0.8904769404823114,127.8618500472388,0.07239327378402059,False,False,False,False,False,False,False,False,False,False,False,False,True,False,False,False,-2.0054985046386733,0.8454342230556596,37.085755486211916,14676244.432731504,7.380001068115234,63.56082743886168,-20.852686900737922,1.3080336521577904,-0.012044745273454005,53.63050406944629,27.005661866565976,8.302928300491075,0.0,7.247164709817193,10.47709110741405,65.46991578557441,,78.54859141626105,0.30871605058526996,1.293534219687627,27.901665531816285,6.323516122202698,52.35915184368388,-3425121.428571429,339245.18494324235,0.24677553404803043,-21.48607871504916
2020-06-08,72.37999725341797,72.44999694824219,67.05000305175781,68.30999755859375,6640200,0,0,26132834.44801426,42.348912306615446,92.0,10.890058506236365,0.7907422614174932,104.9737301462361,0.027255632771876065,False,False,True,False,False,False,False,False,False,False,False,False,False,False,False,False,-3.5909999847412095,0.7485772835445231,20.585895224281973,11261084.664177924,7.380001068115234,63.58673633342329,-37.68582070242479,1.0457567177276095,-0.08289842608759024,48.8488282378782,27.083091276744156,8.175688104689414,0.0,5.669224855342421,12.167480865441412,62.70066536825994,,73.24648199179465,0.3212962988770346,1.2729764602800628,27.37022216455159,6.345938297926524,48.83442003256472,-3334107.1428571437,386916.567281162,0.1478386055312455,-30.092887301071777
2020-06-09,68.25,69.55000305175781,67.45999908447266,69.37999725341797,4868200,0,0,30209052.958569452,42.60031583216977,88.0,10.442881774902347,0.8400451278719407,91.3437435396191,0.04413972592397929,False,False,False,False,False,False,False,False,False,False,False,False,False,False,False,False,4.3869970321655245,0.7828079324730698,9.280126458471623,10396497.214201543,7.239999771118164,63.78558742316778,-49.90220307155158,1.0879953791184556,-0.09798277541359646,50.338389965669535,27.064350937306088,8.045319844704466,0.0,3.6343836228336865,15.633328755696615,63.96425957216852,,74.98451090968149,0.39700276152507086,1.2514773227598373,27.312976411773647,6.200758389465838,45.723558028332725,-3540514.2857142854,-56167.96743121397,0.07319335703087426,-23.467501254834804
2020-06-10,70.54000091552734,74.0,70.26000213623047,72.80000305175781,8028700,0,0,33085656.166384894,43.39702147093407,96.0,10.587970542907712,1.0025909040767822,155.0124195515531,0.06666906878086072,False,False,False,False,False,False,False,False,False,False,False,False,False,False,False,False,-0.1715005874633846,0.9293287997295114,31.297339765439897,12833883.405477196,6.674999237060547,65.36304950567919,-45.20526698080096,1.4133704880106503,0.07287398037169801,57.44281573132119,27.044514407559408,7.981488245317293,0.0,1.969852830834055,5.967985859743958,67.72753923785011,,79.79083047234825,0.6224743492885818,1.2393996792245652,28.429925956978035,5.7836151921422845,50.05621397694613,-3876719.0476190476,472020.28093381366,0.29370316629222015,-7.067120027048856
2020-06-11,71.13999938964844,74.8499984741211,70.9000015258789,71.51000213623047,7477000,0,0,27918012.160003237,44.232925784687964,92.0,11.128382245232075,0.876216352290532,142.79300688464986,0.027255095784981257,False,False,False,False,False,True,False,False,False,False,False,False,True,False,False,False,-5.325500297546384,0.8126754509548191,40.59706468559151,9622566.226780748,7.950000762939453,66.17324028329553,-37.90891141183414,1.1799421390241676,0.05057070551062104,64.27208552336648,27.103893134672834,7.910705564979017,0.0,0.5142812535827619,10.201884433424862,64.97138797961391,,82.54035193984161,0.45734343808420186,1.226406712219605,28.53786585029769,5.1890119213230586,47.09521628637096,-3266628.571428571,263274.4887053793,0.4064891775619657,-21.844322898591656
2020-06-12,74.41000366210938,75.33000183105469,71.0199966430664,73.11000061035156,8863800,0,0,27650664.534052,45.06488258886414,96.0,11.005235514921296,0.9223963270349884,142.0453120710949,-0.005542527137079117,False,False,False,False,False,False,False,False,False,False,False,False,False,False,False,False,-5.898999404907229,0.8787547212344035,26.70337144223948,10273923.405085577,8.224998474121094,66.71029993307376,-36.2819624282327,1.2819448359089616,0.09268538870924026,59.97761106314097,27.231791073830603,7.856677143402475,0.0,-0.47438028859311177,21.20358252691569,66.77726182618107,,85.6703958874751,0.9085351396717735,1.2159476841896988,29.164091763692852,5.1890119213230586,45.90114581231338,-773533.333333333,65831.95150419476,0.2579417525289094,-14.077369411934317
2020-06-15,72.66000366210938,78.44000244140625,72.30999755859375,77.66999816894531,10591200,0,0,35581093.65168149,46.17835539998301,96.0,11.420529657251691,1.0771436492670394,173.34484192210394,0.047505669462600465,False,False,False,False,False,False,False,False,True,False,False,False,False,False,False,False,-0.2074972152709904,0.9640520914494335,30.95459587547325,15705626.653298799,7.314998626708984,68.51270912703447,-31.971318832121767,1.6725793277537941,0.3616572564762217,72.40083434888098,27.245341171759772,7.900095006724063,0.0,-0.7985542683232053,28.677928070837588,71.31598906268249,,86.66663182004578,1.0,1.220065760560533,31.177069602024503,4.972821803020086,53.203453123097496,552433.333333334,858914.3527469599,0.27151876094990135,-4.078412229336839
2020-06-16,81.12000274658203,83.95999908447266,77.37999725341797,78.0,10762000,0,0,26847199.336158574,47.69389099306737,96.0,12.94176442763385,1.0008573842302289,197.99100204124977,-0.024013763488219837,False,False,False,False,False,False,False,False,False,False,False,False,False,False,False,False,-1.8944978713989258,0.7787676544807332,68.31189074548854,13969319.946514765,5.754999160766602,69.95270944637838,-27.429076062827278,1.608331492019521,0.48794612747988175,79.98029120580584,27.37034339891834,7.98631325849417,0.0,-0.6667958383594078,16.64423029201515,71.61817579246218,,85.80599677047162,1.0,1.2313301351920376,32.8763833223065,3.7551412107845583,48.06916637217996,1519976.1904761903,706316.7611969808,0.5889877641824249,-24.426228047314133
2020-06-17,78.81999969482422,83.88999938964844,78.5,82.80000305175781,9287800,0,0,32378535.83580895,49.10117404378855,96.0,13.80152886334588,1.0890014453622618,189.11287065472902,0.045812524964135744,False,False,False,False,False,False,False,False,False,False,False,False,False,False,False,False,-1.3399971008300753,0.9569414962194989,72.83798131720722,18342484.003314972,5.665000915527344,72.39084422045232,-10.268408081147015,2.0618578488121866,0.8023366962823113,85.84890511333886,27.318521723763748,8.177583056617259,0.0,-0.5188828354575529,25.912409309578106,75.63840707509326,,88.80700383641609,1.0,1.259320101403088,35.727108016662676,1.890617340883259,54.844229976266355,1525502.3809523806,617282.5315967476,0.6045084206464663,-5.074348214100963
2020-06-18,84.62999725341797,86.75,81.69000244140625,82.41999816894531,10402700,0,0,24977389.28200511,50.62534907686149,72.0,14.999646702934712,0.9932280193001182,179.7035357503537,0.0382809707271816,False,False,False,False,False,False,False,False,False,False,False,False,False,False,False,False,-1.5659984588623104,0.8543558056600973,73.90432271560896,15157403.889350893,5.01500129699707,74.91008151183881,9.007888659836794,1.8838508460437298,0.8857401994390557,85.67066609657161,27.26505678024938,8.390132255714818,0.0,-0.17428102921025695,22.46655933367388,74.73585537357047,,83.59092039112342,0.9357908550416818,1.2920539775034676,37.730427505031784,1.7557488218420156,47.76000913275072,1794026.1904761912,523814.8148599471,0.6111111778179406,-19.726662565214824
2020-06-19,85.88999938964844,89.25,84.41000366210938,87.58000183105469,21769600,0,0,31724171.246355,52.211222631414635,80.0,16.526529502868655,1.0782373369483136,185.55452169814592,0.034211031046154514,False,False,False,False,False,False,False,False,False,False,False,False,False,False,False,False,-4.825003433227536,0.9437521641566198,71.86275495444536,29039377.008394517,5.219999313354492,78.2459473901635,22.72752299143201,2.273171332345036,1.1715249571444133,87.78144462091096,27.17565991699319,8.68826550433591,0.0,2.0304402402579496,28.510638107319103,78.48929824504981,,89.40384987645484,1.0,1.3393592113410353,40.79806282048237,1.3321117305582821,49.896136408290815,4354683.333333334,1315169.664022045,0.5904592362697125,-6.987439591319856
2020-06-22,88.45999908447266,88.56999969482422,80.62000274658203,81.79000091552734,14356500,0,0,21593353.047698926,52.24541106078478,80.0,17.24141211790196,0.8360245176078909,125.47965327263883,-0.12472713267429555,True,False,False,False,False,False,False,False,False,False,False,False,False,False,False,False,-2.0495033264160156,0.7487369676817137,58.68416360244805,13016016.272371257,6.620000839233398,78.680901864487,23.751153529733813,1.567626133978047,0.867703201898598,76.95014736351395,27.24933101395895,8.876849986644281,0.0,4.05368795399921,23.41935273673315,66.54282414036898,,80.69083818186057,0.2934143657402394,1.3715068214121238,39.441257424858215,2.144713739925415,46.75133349940848,5779364.285714285,413789.66010704974,0.44287900041642925,-31.213383297883784
2020-06-23,83.05999755859375,86.19000244140625,82.86000061035156,83.63999938964844,9155500,0,0,16726907.03995498,52.277157459485636,80.0,16.964618615543145,0.8545732294496694,114.14804945716807,-0.11042948917053906,False,False,False,False,False,False,False,False,False,True,False,False,True,False,False,False,-4.377002716064453,0.81104746144027,56.832336586355105,13576251.23772046,6.940000534057617,79.31925753277993,30.80298063516176,1.7100860725452836,0.6958435868632398,77.62623040244054,27.121459451107967,9.002110485939692,0.0,5.120533401693294,20.00000437841886,68.20787053584544,,79.4421242361163,0.3918951269347658,1.3945137589412004,38.9104682747334,2.449416241179025,46.340288112002,5182038.095238095,-742035.2907739552,0.4172131619124012,-23.472804402447665
2020-06-24,83.58999633789062,86.02999877929688,82.04000091552734,84.5,8697800,0,0,18754215.557537973,51.996817651098716,80.0,16.521442200155818,0.8495790013541372,99.37766929929673,-0.06446582186856963,False,False,False,False,False,False,False,False,False,False,False,False,False,False,False,False,-4.516003036499029,0.8400134651496103,60.805126997255535,12705374.390719797,6.999998092651367,79.8806149992946,34.6167693081872,1.6752935404055531,0.5509391306456264,75.56167290026659,26.81358507510372,9.075054811632903,1.0,5.448157373476992,23.70078029576721,68.98069558074803,,74.63913765399427,0.39775642777279796,1.4095062530115336,38.73289125877546,2.4473241960254297,43.96249397606187,669814.2857142854,296519.4344249073,0.44345476253331295,-21.396399337685985
2020-06-25,84.38999938964844,87.5,83.5999984741211,86.0,5765800,0,0,20084786.523595005,51.928302148210754,80.0,15.727883047216082,0.8680740491304139,101.34997048909065,-0.04491730608904408,False,False,False,False,False,False,False,False,False,False,False,False,False,False,False,False,-2.3779972076415987,0.8845470755299176,54.2671045855727,12125849.477759827,7.644998550415039,80.810026276542,41.1787763253958,1.6834920271106804,0.4701133409747591,75.09385671383083,26.54401372285101,9.117808863782928,0.0,4.822394211824213,23.95503517516103,70.33519925673069,,80.16371820258856,0.48354622898945987,1.4195153557882731,39.00153053475594,2.4943679058293453,48.54705332385037,-1888880.9523809524,191783.72897072672,0.4071730252102643,-14.639641652100936
2020-06-26,86.69999694824219,87.48999786376953,82.5,85.16000366210938,8008600,0,0,20614428.787400927,51.43085240230221,68.0,14.417500148100018,0.8064373172217708,85.37215799274557,-0.11919695310563616,False,False,False,False,False,False,False,False,False,False,False,False,False,False,False,False,-4.582498168945307,0.8327199653010725,55.369416647441845,9432557.4564183,10.179998397827148,81.32132062072584,35.40969940868405,1.490616800791675,0.28328325651387676,73.60769167607431,26.360205641027893,9.099122390320689,0.0,3.948837507561572,16.978022104702536,68.53050805286466,,81.73129952926404,0.3143708311924478,1.4196152386149212,38.692988269969604,2.54620612677143,46.35889943434143,-2368923.8095238106,24128.285433768062,0.41123207742803636,-18.770060422421246
2020-06-29,84.62000274658203,87.95999908447266,83.4000015258789,87.47000122070312,5249400,0,0,24735672.575464264,51.040352934140984,68.0,13.726558763840629,0.8479591418409469,87.67033984490817,-0.08795482217564202,False,False,False,False,False,False,False,False,True,False,False,False,False,False,False,False,-4.067999649047849,0.9255230683826738,63.43756141721854,9817349.417513119,9.469999313354492,81.92082614676578,31.724438161347393,1.612085485790119,0.24018526714219757,76.8490844582681,25.997327715549638,9.065330311330213,0.0,2.4765691506756893,22.318554898191703,70.75295301095846,,85.7389829673777,0.4276966570881526,1.4166077042684841,39.08352540963323,2.543469401000818,52.77042157827224,-3545619.0476190476,64168.78198491507,0.4501093310118396,-9.373349023344986
2020-06-30,88.81999969482422,90.4800033569336,84.95999908447266,85.83999633789062,7783100,0,0,19434131.02542681,51.044192291325594,68.0,13.49614689770867,0.7663941183527768,87.30574982393708,-0.09435730927343662,False,False,False,False,False,False,False,False,False,False,False,False,False,False,False,False,-0.43500175476074787,0.8153598839045005,61.71042064507115,6602515.071665821,10.530000686645508,82.17059542219387,24.880908625466418,1.3091151970721238,0.03744585618320695,77.04614601615677,25.699582568105043,8.969123811096104,2.0,1.116406932078915,17.41211273596493,67.14928525044823,,82.71963541946478,0.16111197870598476,1.4033778410819857,38.366838438947255,2.5983034625576025,45.73249023777338,-2855642.8571428563,-2646.218126779917,0.4210099665268837,-23.697684295839682
2020-07-01,85.0,86.23999786376953,83.0,85.44999694824219,9659300,0,0,24383023.0781356,50.25273284163534,64.0,12.871676153295184,0.7298232304773512,60.29342826679595,-0.056059724629459136,False,False,False,False,False,False,False,False,False,False,False,True,False,False,False,False,-0.9699996948242244,0.799840611565832,51.47185105824455,5121138.4750805395,10.530000686645508,82.23631732339373,7.692917853631343,1.1764702800040308,-0.17567686311092956,70.5663659501192,25.474032123378723,8.809669568633051,0.0,0.22630261114451788,10.016736143567389,66.2794464981512,,80.36034985061686,0.0,1.3796652275360037,37.536008300874386,2.6361711285563816,52.80684942722878,-2461288.095238096,-188923.57683301484,0.32024534300132357,-25.84791712896495
2020-07-02,87.8499984741211,95.4800033569336,86.61000061035156,93.0,16876200,0,0,31822240.058392935,50.68505494375023,92.0,13.033323680653297,0.9502342004462518,124.1487159407084,-0.001188375525714221,False,False,False,False,False,False,False,False,False,False,False,False,False,True,False,False,2.4935031890869084,0.912768085462099,74.55084283056462,22591741.7646512,10.530000686645508,83.16050952268375,4.491607244149861,1.7705882676351359,0.12297741582646537,72.67200151106312,25.533451642707924,8.741399071979108,0.0,0.869156166751386,19.230769230769234,73.44970212338043,,79.91696362187452,0.5872516533258095,1.368526151045412,39.030520531413664,2.6361711285563816,57.70930869350025,841997.6190476194,1447224.810845589,0.4426457159221696,-10.70350770957204
2020-07-06,98.95999908447266,98.95999908447266,86.08000183105469,87.0,23647800,0,0,11552691.197974753,51.39680346400747,92.0,13.63347100650563,0.7159113044957995,107.09979016481141,-0.08716864040952078,True,False,False,False,False,False,False,False,False,False,False,False,False,False,False,False,1.2484981536865263,0.6251958454582384,71.1940508559111,-905192.7731561102,10.470001220703125,83.18308303614222,-11.349332425867885,1.025596589210535,-0.1382621782092004,59.88052801680954,25.745226674543282,8.597155109557022,0.0,3.2385784190387836,5.072459895462556,62.1411272472095,12.5,69.34229911982135,0.0,1.3456482990743408,36.451794656956366,3.149998686162412,45.72149297281461,5197616.666666666,-34554.322418296244,0.39093446214946415,-55.421677801999195
2020-07-07,88.0,92.0999984741211,83.30000305175781,91.0,16222800,0,0,23719794.714173786,51.15354688020686,80.0,13.35864757089054,0.840202946002246,82.15725744281805,-0.011095772152049908,False,False,False,False,False,False,False,False,False,True,False,False,False,False,False,False,5.27400169372558,0.7473016163659474,29.39398828289678,8494291.908723332,8.619998931884766,83.75483842728997,-19.565787787443412,1.283932689781549,-0.09824602803190441,51.54867415708664,26.028198071726834,8.46718912208598,1.0,5.419790195289147,10.410097090110723,65.90942795743425,31.25,64.98987879386179,0.2305028929977891,1.3242046869937307,35.61647161427349,3.2020049102817336,51.68452886505388,6995392.857142856,-779788.6540600668,0.15129487404132103,-38.9051781068436
2020-07-08,93.0,93.4000015258789,89.33999633789062,92.30999755859375,9972600,0,0,28337636.25410685,51.069450608180446,80.0,13.346441268920898,0.8682824007564166,119.74889975183251,-0.008407906544587923,False,False,False,False,False,False,False,False,False,False,False,True,False,False,False,False,-1.662499237060544,0.7682926051221687,37.889990507990156,9147119.015024576,8.575000762939453,84.34363623170226,-25.498851683342934,1.284934514758519,-0.04295207529473544,52.06230600399025,26.19314105850631,8.355634966515046,0.0,6.562230636508382,5.400771441708134,67.06560088517483,53.125000000000085,56.47119551540296,0.301224744873043,1.3050514780584384,35.34297812053103,3.2081388506889894,52.442615734704,4645278.571428571,889437.1989132735,0.22746773215647798,-36.25955754494854
2020-07-09,93.1500015258789,94.30000305175781,88.41999816894531,90.25,8779800,0,0,25022814.73508009,50.688565081867814,80.0,13.826059206794284,0.7617363594025748,106.27047387994477,-0.036102927073629845,False,False,False,False,False,False,False,False,False,False,False,False,False,False,False,False,-0.6850006103515653,0.6895937333463843,27.33218369439289,5256621.0750294365,8.575000762939453,84.55687760726076,-34.604405660880786,1.00831652735993,-0.19594821125260786,46.346448388213375,26.35145038171985,8.202594657076098,0.0,6.814401902143718,10.34356154759081,63.422963496713514,28.577115024205796,59.11447956704126,0.07840854182852314,1.279539825361691,33.94880220600755,3.301767114027489,48.9186487385687,-194800.0,-52369.40785602725,0.15557844753623518,-47.491825647084276
2020-07-10,88.61000061035156,89.62000274658203,86.20999908447266,87.30000305175781,6799900,0,0,22570076.035521295,49.62557117669669,72.0,12.346235443564026,0.6123841647213469,46.814506131578796,-0.024019237737071264,False,False,False,False,False,False,False,False,False,False,False,False,False,False,False,False,-0.6145000457763672,0.582677343813146,10.847397517342516,1640006.0288320822,8.825000762939453,84.57982967223994,-46.02591890353057,0.68400938370483,-0.5278273055307254,36.60062174417119,26.429120091137868,7.958215580069571,0.0,6.185566498466631,4.375901110494686,58.52102779627095,14.288557512102898,50.890581536917075,0.0,1.2402895429726823,31.203821362128004,3.68576723210752,49.04535759408663,-2266502.3809523806,-418198.71421116136,0.01697522059037959,-63.57687219721615
2020-07-13,90.97000122070312,94.94000244140625,88.0199966430664,88.27999877929688,12739700,0,0,10787701.596066333,49.32686864430907,72.0,11.349705864401429,0.6487902258791444,91.28299638714508,-0.07444093221982466,False,False,False,False,False,False,False,False,False,False,False,False,False,False,False,False,0.12700004577637003,0.5992495424510652,33.51951417125743,3189269.677588841,7.974998474121094,84.64130829655116,-54.83810288261958,0.6899396744332795,-0.7024231454322303,45.447477861723236,26.4472085038674,7.669153104719473,0.0,5.86009686960999,4.473371336446006,59.637096119446305,7.144278756051449,41.93690871512285,0.0747600422328625,1.1938633634794638,29.334821194867267,3.507543440012542,44.880997491872165,-1228650.0,-79257.0745085949,0.15524830118043342,-63.12057601033125
2020-07-14,86.9000015258789,87.9000015258789,80.08999633789062,87.33000183105469,13783600,0,0,22559357.27478405,47.03206454324447,68.0,10.093999671936032,0.5678893054108409,-34.28054238297729,-0.05668512987259489,False,False,False,False,False,False,False,False,False,False,False,True,False,False,False,False,-1.1959964752197294,0.46107524251078474,3.4076612551709915,863034.3042488617,6.519996643066406,84.65357548586873,-58.92378824892177,0.5687123439599954,-0.890850945459416,38.4470891574795,26.457944394317657,7.332249854719427,0.0,5.8663465185810715,1.5465137570403342,58.007683669267365,3.5721393780257245,37.22345162090925,0.0,1.1398898098078418,27.325647956564787,3.675905752982474,46.92000265998182,108704.76190476306,-5316.904237180075,-0.017784089026292915,-61.632196929725076
2020-07-15,88.58000183105469,89.5999984741211,84.44999694824219,85.30000305175781,6015900,0,0,18529302.013836615,45.154950931422334,60.0,8.482352425070374,0.38348414641461126,-10.974386009412463,-0.03697263920838085,True,False,False,False,False,False,False,False,False,False,False,False,False,False,False,False,0.7490009307861385,0.33235598025605084,23.540929685542448,-1004866.2615541284,6.314998626708984,84.65731302175772,-63.79411360137908,0.36676702161622554,-1.144963417755557,42.93267174874087,26.520963313668872,6.929178502510728,0.0,4.970903139834067,0.16439570646792734,54.576243494299646,1.7860696890128622,34.28574050829792,0.0,1.0759063663750745,24.608992502527517,4.186333191321322,50.48059906074875,38935.71428571455,-288168.28246758593,0.06165593718832296,-72.39000553505012
2020-07-16,81.51000213623047,84.83999633789062,81.0999984741211,83.55000305175781,6769000,0,0,20628799.58528063,42.69205923754864,60.0,6.151557787726901,0.23304980266761172,-105.23911962012892,-0.05281834330324036,False,False,False,False,False,False,False,False,False,False,False,False,False,False,False,False,-0.91850395202637,0.18336015952588597,0.2179858231236267,-2553563.938474967,4.914997100830078,84.6455213421917,-66.78547344472335,0.20631011080394537,-1.4064463032097443,39.048447285638,26.51431975672162,6.457887482509712,0.0,3.616095807963539,-4.4815343709146935,51.735038063800985,0.8930348445064311,28.104604495937867,0.0,1.001758092811955,21.480996604122225,4.966692598602259,46.29296791240619,-2022954.761904763,-278712.1078025878,-0.06346734618854999,-81.6639840474114
2020-07-17,84.73999786376953,85.12999725341797,82.0199966430664,82.47000122070312,5320400,0,0,16848080.540254947,40.45434896774919,56.0,4.710615831262928,0.14255721669064397,-102.64707227255498,-0.037397917507578704,False,False,True,False,False,False,False,False,False,False,False,False,False,False,False,False,-1.3110034942626925,0.1261263665286745,5.21411132776862,-3009632.196113309,2.5849990844726562,84.39567902208445,-76.98476322508262,0.10745182032808316,-1.6128781623832058,43.094204633350756,26.434938424028925,5.933846068464627,0.0,1.7672202274358753,-3.9259031465032237,50.004892587344855,0.44651742225321556,19.51954902346871,0.0,0.9197341171444049,18.371938345266557,5.768870291590351,42.76063332242426,-4652007.142857144,-207645.31137348813,-0.038259089639511634,-87.38736334713255
2020-07-20,81.0,85.05000305175781,80.7699966430664,84.83000183105469,6256000,0,0,22460937.747793775,38.10125981687096,52.00000000000001,2.5030865164364116,0.35169952110893665,-83.89661523735427,-0.04588946430892953,False,False,False,False,False,False,False,False,True,False,False,False,False,False,False,False,6.376499557495123,0.25119262338330245,-2.2858475878058035,-470518.47976006847,2.5250015258789062,84.4032040593144,-77.02776496934527,0.3311832800054238,-1.550774610707772,43.39250429166386,26.327201649536665,5.434694619923615,0.0,-0.18351186926401453,-0.7255648207489539,53.65240951841891,0.22325871112660778,18.689304981262165,0.15557886812719365,0.8404440841520958,16.698775640172702,6.228262613546888,47.35094259933953,-4643873.809523811,110250.97186254023,-0.06940949539312535,-74.88073766166976
2020-07-21,86.88999938964844,87.2699966430664,82.29000091552734,82.58000183105469,7292500,0,0,16017768.467010368,36.326278440422044,48.0,2.166851290534524,0.15568749580129781,-71.73219705902764,-0.02862272925269169,False,False,True,False,False,False,False,False,False,False,False,False,False,False,False,False,0.3369995117187443,0.13195575679580032,-3.498848063014292,-2747319.4112229156,1.8800010681152344,84.17904457346118,-80.26293451013146,0.11920453687880632,-1.614278776831176,43.11500369003781,26.15425051612189,4.9229214868865006,0.0,-1.9338854498328835,-11.20429910639281,49.913516292563145,0.11162935556330389,16.975824890259307,0.0,0.7593029082185623,14.169714133940195,6.8902968574647385,45.06028990235696,-4434330.952380952,-14398.949093079922,-0.07377450009523512,-86.80442432041997
2020-07-22,82.0,83.45999908447266,79.51000213623047,80.76000213623047,6865300,0,0,13497598.406322833,34.05328570603444,-52.0,0.6782635632683167,0.045923636727213585,-135.7780079572169,-0.016775149975622225,False,False,False,False,False,False,False,False,False,False,False,False,False,False,False,False,4.480999374389654,0.06426736226881362,-9.612937878710174,-4139822.9103163145,-0.9449958801269531,83.49887716072485,-82.08599672590958,-0.030473489464112876,-1.7220615509365347,43.98580839286757,25.903160035686266,4.384508007292586,0.0,-3.551885028305647,-7.172411337666127,47.05690795534794,0.055814677781651945,14.913858081597278,0.0,0.6746890498974883,11.18352694245078,7.708859562063441,47.77635607023583,-3719792.8571428563,-344729.5368879875,-0.07764663983822429,-93.57326377311864
2020-07-23,81.0999984741211,82.45999908447266,78.4000015258789,79.05000305175781,6022100,0,0,9403762.713137427,31.70270958231378,-56.0,-0.22782408770393658,-0.007557455767036679,-152.55368930712504,-0.04925703363961054,False,False,False,False,False,False,False,False,False,False,False,False,False,False,False,False,6.063496780395511,0.03161486396223895,-38.81433911812919,-5019531.84978581,-2.009998321533203,82.63089786151257,-83.63165307907343,-0.1662727481013701,-1.8410022390016172,34.93688296371771,25.661276255420045,3.814809604798866,0.0,-5.169265915410054,-13.131864778288119,44.481078595223956,0.027907338890825972,7.5945994342284955,0.0,0.5861601915068204,7.892581446927688,8.611926813376666,37.40886763666,-3022466.666666667,-278816.8901809642,-0.2584340166879132,-96.83851360377611
2020-07-24,76.22000122070312,80.69000244140625,76.0,78.94999694824219,9860700,0,0,11947761.973298019,29.859512597752513,-60.0,-1.5085292142980222,0.05324355272458231,-158.31569796015089,-0.04195971194126886,False,False,False,False,False,False,False,False,False,False,False,False,False,False,False,False,4.355999374389654,0.12848419276450257,-51.63613195887749,-4443331.611950198,-4.680000305175781,82.04476410246005,-88.60674020724689,-0.13829293664707165,-1.853759416656731,39.47311546681157,25.466111631286495,3.2441850858171315,0.0,-5.964492206512722,-14.472972553023094,44.32825526748973,0.013953669445412986,8.387902028858738,0.0,0.4976757696480825,5.150670862950611,9.281924037045929,43.73985058204871,-1181607.1428571437,-139985.72571391557,-0.3849103496691979,-84.42451653652924
2020-07-27,79.12999725341797,83.58999633789062,77.52999877929688,83.44000244140625,8596500,0,0,20118709.811383568,27.933874016719763,-60.0,-2.296470776726224,0.34897834295927876,-86.80393053479291,-0.0025485185844894044,False,False,False,False,False,False,False,False,False,False,False,False,False,True,False,False,1.4920024871826172,0.3240419311008492,-21.80738290691079,1705477.5071833814,-4.680000305175781,82.11334851919948,-84.77966792150595,0.2845705256347949,-1.5021451650868038,49.59297943143916,25.36012495056781,2.781660464563694,0.0,-6.427598008196392,-7.545703666031855,52.25895195705217,0.006976834722706493,19.339640221401712,0.34879606542084424,0.42302198086726517,4.926476234553648,9.613473254174291,48.98090005043561,-59804.761904761195,476421.16584644583,-0.1997441021993469,-60.71804919548971
2020-07-28,83.16999816894531,85.41999816894531,82.83000183105469,83.7699966430664,5910700,0,0,18498384.47645562,26.516458252071917,-60.0,-2.8868822658763236,0.3819583182886788,-34.09249205459129,-0.0319575931977003,False,False,False,False,False,False,False,False,False,False,False,False,True,False,False,False,2.656998443603513,0.33841450143267143,-21.32148744151387,1740480.2529789964,-5.845001220703125,82.1695213326001,-79.20215886078196,0.32103003470264463,-1.202640670203461,47.35089928687961,25.10127162810732,2.4111151202236423,0.0,-7.158811785199051,-4.043535263794391,52.79123577161189,0.0034884173613532465,31.960566159544356,0.44321077874182235,0.36072377367593544,4.895178967214188,9.801118481906725,49.61798694773062,193197.61904761847,512271.969231317,-0.2070619894336998,-58.97573578934817
2020-07-29,85.38999938964844,86.9000015258789,83.87000274658203,84.02999877929688,4037300,0,0,14887455.594023883,25.492283435745332,-60.0,-2.49673493329216,0.4046457693564768,-13.927980807538246,-0.023751348059156,False,False,False,False,False,False,False,False,False,False,False,False,False,False,False,False,1.7975013732910128,0.3497386367374634,-14.519135464486197,1641798.3060681785,-5.845001220703125,82.19280419912569,-73.97743197044514,0.35111453065401876,-0.9532237505519303,53.603839593152394,24.918673227015375,2.117101893481937,0.0,-8.413341645650005,-4.814227524657257,53.23366109306618,0.0017442086806766233,40.901082133201065,0.5817165330605863,0.3092281018507105,4.990231268103246,9.85357052834758,43.31452937055654,-1409185.7142857146,35906.85722965051,-0.1772363465377541,-57.60296861555913
2020-07-30,83.62999725341797,85.56999969482422,83.62999725341797,84.94000244140625,3433000,0,0,16090787.708228696,24.479504099584183,-60.0,-2.0075881958007784,0.4640354100390695,-18.099265600291368,-0.04477405386938408,False,False,False,False,False,False,False,False,False,False,False,False,False,False,False,True,-0.20699768066405966,0.3893729441588775,-5.347817740075976,1853547.486918651,-5.845001220703125,82.23182865870753,-68.8205832054444,0.43583490426336097,-0.7046214311637891,55.50176482396519,24.72648881493725,1.8990036095256038,0.0,-10.106788547115913,-2.736744921031881,54.829266122694264,0.0008721043403383116,43.54099731561365,0.6859442172502846,0.2686933087905946,5.501456163226882,9.768934518168559,48.62490399723372,-2889859.5238095243,49708.524299484576,-0.09989078887594594,-52.798303648251924
2020-07-31,86.43000030517578,92.66000366210938,86.12999725341797,91.80000305175781,12574700,0,0,25353316.479546875,24.786519808424824,-60.0,-0.2746472078211184,0.9141972221068511,95.23763056967012,-0.0357596066941075,False,False,False,False,False,False,False,False,False,False,False,False,False,False,False,False,-1.8969978332519588,0.6881534704608506,-1.3936779580487106,13911962.08521424,-3.1499977111816406,83.2795021097823,-56.615679325612795,1.1020508281971897,-0.08824095208658678,55.410620744086664,24.70230551808923,1.8654153110838831,2.0,-10.000884221960069,7.620163853987168,64.62707025477394,50.000436052170166,61.47888679379371,1.0,0.252972072907786,9.144203725983198,9.674306087309647,58.825450688904844,-656740.4761904757,1052746.8981074023,-0.07884468711328185,-5.1620673548079825
2020-08-03,92.97000122070312,96.22000122070312,91.7300033569336,96.02999877929688,7139500,0,0,31888574.574950036,25.561187442403423,24.0,1.8612948473762145,1.0666634170868636,170.0948426077834,0.12370360709143563,False,False,False,False,False,False,False,False,False,False,False,False,False,False,False,False,-3.42849960327149,0.9906032428320674,49.47390032034965,16238832.429721512,-1.3699989318847656,84.91592101434281,-40.380646036445825,1.5771362293863755,0.5587044207320384,67.13224420460261,24.679679815961578,2.0212746429669384,0.0,-9.896436934162269,14.937157715970297,69.08058892889309,75.00021802608508,80.36665109338232,1.0,0.2639071655928971,13.867619491196395,9.536097375738203,64.94534082993945,851904.7619047612,1344545.8098876572,0.3121791166742266,-0.9396757167932699
2020-08-04,95.86000061035156,97.33000183105469,92.69999694824219,94.0199966430664,4657800,0,0,29886622.56395581,26.424443415283722,24.0,3.617382924696969,0.9252832106555061,149.7931695994569,0.04035169079928303,False,True,False,False,False,False,False,False,False,False,False,False,False,False,False,False,-1.219498825073245,0.8448192731437466,38.330436281429584,12581543.80402783,-0.8149986267089844,86.1468982547021,-27.220832454335394,1.373981772902191,0.7913978450556072,66.80893726140596,24.67848948494575,2.2427500503918205,0.0,-10.309019501441345,14.005087003034737,64.8992696643302,87.50010901304253,92.7933947475912,0.8310737354400295,0.28672165829957247,16.407271420054794,9.292662162271306,62.19652919381871,1357178.5714285718,231484.29153369134,0.24837048119755578,-15.518072685625334
2020-08-05,94.69999694824219,98.43000030517578,94.62999725341797,97.45999908447266,5059300,0,0,32363015.5983242,27.370016401215718,32.0,5.395352868472827,1.0422825209968913,169.09934557756637,0.027214378007022675,False,False,False,False,False,False,False,False,False,False,False,False,False,False,False,False,-3.726998901367182,0.9567542930224885,62.46163397390298,13270466.739424802,-0.2649993896484375,88.72807845730873,-10.838268354048417,1.7259742921179433,1.0982508038137846,73.57304478709358,24.6290613498259,2.5485089698743364,0.0,-10.946142969472506,14.88859717175482,68.42206884551511,93.75005450652127,93.07256029994346,0.9733956364524603,0.3238854921032059,19.75608779350737,8.886981757192762,60.03522675797107,-1025833.333333333,87617.27801950889,0.4330447023494566,-4.324570697751148
2020-08-06,97.44999694824219,98.18000030517578,91.30000305175781,91.62000274658203,6344800,0,0,26608429.22456134,27.296923282978703,32.0,7.113941731172446,0.7520167987475449,112.17278459667617,0.010899289651895794,False,False,False,False,False,False,False,False,False,False,False,False,False,False,False,False,-5.615498733520511,0.6963888780232284,46.07138288133774,6081313.095985768,0.5,89.04372702715874,-0.31243929756890765,1.0634982790697463,0.840768804837376,66.7422504470096,24.7374879979335,2.7785058316222995,0.0,-11.389794662385166,10.946961389056058,57.81385697640632,96.87502725326064,83.26541480631549,0.5448214254619905,0.35442355685049226,19.027345704599924,8.507995665403916,52.93293133427038,-1363904.7619047612,-195083.3890988163,0.3323932395989577,-30.36111219767717
2020-08-07,90.62999725341797,93.37999725341797,87.31999969482422,88.19999694824219,7389300,0,0,21365190.717757832,26.242599870204423,32.0,7.20141202141258,0.5853195072231848,46.58547299371805,-0.008248791609964551,False,False,False,False,False,False,False,False,False,False,False,False,False,False,False,False,-7.37049751281738,0.5439142568993638,23.604903796530696,1602347.1043202863,3.1500015258789062,88.9952394708599,6.542697444076985,0.6764340225299442,0.3955920797117596,59.282059574048986,24.724330931021886,2.881299268451942,0.0,-11.42580400919503,9.212474758806371,52.66439307642942,98.38727966064128,73.2352475981694,0.3367818939003048,0.37039920867221254,16.622374532801054,8.562809979653967,49.26234406850688,-534354.7619047612,-656021.9397598312,0.20978812173345807,-45.608574310063624
2020-08-10,89.41000366210938,90.55000305175781,86.33000183105469,87.52999877929688,5482400,0,0,19000734.49311381,25.0349166774168,31.999999999999993,5.981323780732993,0.5551082108924742,26.701432606399322,0.05916710297071609,False,False,False,False,False,False,False,False,False,False,False,False,False,False,False,False,-7.433003616333011,0.5140436300679094,3.9820344487578194,848697.8092137054,3.549999237060547,88.96113335001026,6.3140450414669544,0.6211592808743432,0.030706264056662658,52.68570299997975,24.465131110099264,2.8804556810415134,0.0,-11.617487386330298,10.727381910392596,51.69300381043963,89.62869093399789,58.478225499683425,0.2975375430735182,0.37366632177595654,14.437657195878185,8.471714483680747,48.01434711770109,-264028.5714285718,-317475.18343777355,0.09563492259630546,-48.595636993209055
2020-08-11,88.02999877929688,91.04000091552734,86.80000305175781,87.2699966430664,5623200,0,0,14624170.95264111,24.010226714426807,32.0,4.633059580185844,0.542764755821933,27.397996016476927,-0.060736027766795486,False,False,False,False,False,False,False,False,False,False,False,False,True,False,False,False,-2.939997863769534,0.5024519166174878,20.10866432062227,518591.83469015156,3.8149986267089844,88.92796116302316,5.888860621779031,0.5781970661471044,-0.23863184443849716,59.24451964082353,24.199530639505735,2.8035005916585365,0.0,-11.849246839700076,10.538315410295228,51.2975815712419,70.85658533272549,52.01366011949208,0.28156239323080595,0.3669991822126357,12.595011660257427,8.197903807787961,39.64128266120432,-415840.47619047575,-58349.58463023015,0.21114875690198331,-49.75480833825122
2020-08-12,88.16000366210938,90.95999908447266,86.62000274658203,90.11000061035156,5410100,0,0,17915109.374234073,23.012284545184304,32.0,2.9452070348403083,0.6659058102922715,37.22843696008686,-0.004722938434987206,False,False,False,False,False,False,False,False,False,False,False,False,False,False,False,False,-2.850503540039057,0.6290682308682646,24.444207854063432,2639465.210221476,5.064998626708984,88.96825486479995,8.575812488794313,0.887183376916614,-0.23558431485446052,65.22075692199799,24.06795408964979,2.727606160304495,0.0,-12.128323932017846,7.993765548639765,55.31814765585239,50.02327172005182,54.85212591845544,0.4439941921718414,0.35988902395946276,12.256867879366265,7.518601052765797,39.43830116118141,-1031859.5238095243,159356.077598441,0.23853219785236057,-37.093176913173544
2020-08-13,90.0,91.12999725341797,88.13999938964844,88.8499984741211,3559900,0,0,16045863.251576796,22.12378763007168,32.0,1.8040593315573261,0.5938996884572033,35.10187355977732,-0.036132914946555426,False,True,False,False,False,False,False,False,False,False,False,False,False,False,False,False,-2.855501174926758,0.5728933704542092,36.59707554676711,1621615.6652231445,5.165000915527344,88.96590769357014,10.701248043986226,0.7097385255492424,-0.323086367702897,73.31292344127576,23.926692920087895,2.6274198270765954,0.0,-12.879439924386494,6.064225897847349,53.21901201209469,30.443125994585877,55.77156291996755,0.10804867828084695,0.34914728946184304,11.348987957428635,6.866017005687253,39.124111648832404,-1222635.7142857146,126281.580825357,0.3368916815162397,-45.837325988672724
2020-08-14,88.54000091552734,88.70999908447266,84.01000213623047,85.04000091552734,6059400,0,0,12642283.956143722,20.850486490085085,32.0,0.9659126506132196,0.40419757475014084,-19.198303490206058,-0.03296737658475025,False,False,False,False,False,False,False,False,False,False,False,False,False,False,False,False,-2.0739974975585938,0.4030316893683385,7.29922431523885,-1908086.4593148716,4.005001068115234,88.79104986829913,3.6636158387194016,0.2599292246949796,-0.6247545137977779,65.65848290327358,23.90819229412738,2.4426471938962675,1.0,-13.235921997548243,1.2019542436067616,47.366020769563285,15.221562997292938,43.74538642724523,0.0,0.32700159735648865,8.71704864737126,7.221302145655029,32.32172379934904,-896014.2857142854,-309612.39272080065,0.16773386208329855,-85.83333781641817
2020-08-17,90.79000091552734,91.55000305175781,85.70999908447266,89.18000030517578,10747800,0,0,14666694.156271487,19.72896362830671,32.0,0.9171476476332714,0.594656325872945,22.038644080558022,-0.05901765697624816,False,False,False,False,False,False,False,False,False,False,False,False,False,False,False,False,4.568503189086911,0.5876058905863886,4.951394379210323,4721052.383453464,4.005001068115234,88.80877529814819,-4.4834335040873725,0.6947530602616627,-0.536069700845379,67.65255977877521,23.915395193885804,2.283752490310251,0.0,-12.12947514473906,4.991756230163036,53.367521071025465,7.610781498646469,35.27644969413245,0.27638128731948075,0.30713891016576833,8.348495200506026,7.322597596144709,39.71858330344016,537711.9047619049,263400.2232649996,0.11882540418267762,-62.499987112511896
2020-08-18,90.94999694824219,92.33999633789062,89.63999938964844,91.58999633789062,7033100,0,0,17792511.96216817,18.866520793922042,32.0,1.2349704518037754,0.6910588449700101,54.82226165424344,0.013464723737208046,False,False,False,False,False,False,False,False,False,False,False,False,False,False,False,False,8.347999191284174,0.6950510978946886,4.668295541226847,6468008.199772508,3.8800010681152344,88.84659193926899,-5.5738133518693544,0.9337812566955063,-0.3165511813475672,68.83186378002137,23.805713915977798,2.187496329494861,0.0,-11.050246942336667,-0.22876547591047844,56.47850766849119,3.8053907493232346,35.15014719288453,0.41964854341405194,0.29455538557066985,9.040517728069783,7.386211475512845,45.68067062979039,1481459.5238095243,713296.9270505179,0.15188916830287702,-46.216233492416485
2020-08-19,91.55999755859375,96.73999786376953,91.44999694824219,95.94000244140625,12458200,0,0,26482658.561030827,18.967863783452646,31.999999999999996,2.017293324190021,0.8635881922731046,104.21284150211748,0.094505669984294,False,False,False,False,False,False,False,False,False,False,False,False,False,False,False,False,5.578997039794928,0.8889880593004291,17.25439351673543,13285899.319636201,3.1599998474121094,88.91206978245319,-4.537128395670351,1.3399943513242818,0.09799224188882039,75.08991271751847,23.786685308917026,2.2076474527855776,0.0,-8.816731118961195,-0.09371689996316789,61.47444277386498,5.1944987072970354,58.00536941474646,0.649721509577427,0.2966617747351988,11.3044920510943,7.328534527695091,51.75370952913463,2969735.7142857146,781756.0982687547,0.2560906422042021,-17.26767115083241
2020-08-20,95.06999969482422,98.19999694824219,94.5,97.12999725341797,12911400,0,0,31926379.936962336,19.327293347377243,32.00000000000001,3.204264046164127,0.8882026495146361,126.09880116445734,0.15609368430342216,False,False,False,False,False,False,False,False,False,False,False,False,False,False,False,False,8.114999771118164,0.9420417728903092,4.084254794651378,13582842.133375047,3.8899993896484375,89.24333148951655,3.0171255531047194,1.383753914629838,0.4111545628794735,75.39673061846231,23.807636654815816,2.3140740604402774,2.0,-5.971726615466753,3.307807616882012,62.734695285405,13.061351541891664,75.83360548684935,0.7077586992785055,0.31048515863631354,13.51972367806078,7.32909323991363,55.72222069125363,3666885.7142857146,751840.8951525943,0.21152674587115217,-9.015278896203185
2020-08-21,86.6500015258789,88.29000091552734,83.36000061035156,84.0,40084700,0,0,2249055.9800459743,18.684877324767434,32.0,3.29417583241181,0.19533388012462188,-82.47116700972023,-0.05557580487225339,False,False,False,False,False,False,False,False,False,False,False,False,False,False,False,False,2.022503280639654,0.30956941379606157,-25.7357920646333,-63544992.58626185,3.5649986267089844,89.14236246607146,-3.7460924834133422,-0.13206313679064188,-0.2704488572017463,52.41196459599461,23.917328737894383,2.231787246073274,1.0,0.8694452809526254,-13.810793362317101,45.17517238714672,12.445113615866493,59.32129801044135,0.0,0.301037623030199,9.013900627770292,8.20608015597272,39.424716782306,12330857.142857144,-5258488.02932652,-0.0517058318822331,-95.7531559216405
2020-08-24,85.62000274658203,85.98999786376953,82.4000015258789,83.16000366210938,15597300,0,0,-6744347.968966667,18.248801550417433,32.0,2.5102638244628963,0.15182613510511667,-113.22809032600603,-0.14799449397732203,False,False,False,False,False,False,False,False,False,False,False,False,False,False,False,False,-1.3835025787353459,0.04741124105461752,-35.79982604690948,-56338804.342650376,3.0849990844726562,89.0227682107519,-10.784484028325046,-0.26070416199734836,-0.754885839997306,45.414628395172834,24.00178887270539,2.014582632275364,0.0,6.078020305337991,-9.233790472450368,44.32048583238556,9.965718838057207,33.32422976253941,0.0,0.274096356112486,5.351814359478663,9.077692630400183,39.153126645535146,12595830.952380953,-5574607.301858783,-0.12459464962768019,-95.25887589453825
2020-08-25,83.41000366210938,88.87999725341797,82.54000091552734,87.23999786376953,16341500,0,0,1142872.6915419279,17.239818368729818,32.0,1.620734652350933,0.35868546377691124,-71.61885132493232,-0.09041933319812265,False,False,False,False,False,False,False,False,False,False,False,False,False,False,False,False,-2.2270008087158146,0.3019336685253898,-39.72934050903445,-38765657.25849612,3.0849990844726562,89.01523812250873,-14.189996521154875,0.21077102265912623,-0.7746448927523764,49.07248531686523,24.14574840443839,1.792409931516808,0.0,10.046711863232694,-1.0884343737970945,49.334506999482684,6.753232728576781,13.206955091133233,0.27229087297445503,0.24541015762980387,4.125271506293856,9.476817012918941,43.65580183444281,12933326.190476188,645773.9800165364,-0.12142769510503759,-69.3671029104217
2020-08-26,88.69999694824219,89.5999984741211,84.87999725341797,89.25,11227600,0,0,10705370.211989347,16.15597299745533,32.0,0.37091129527372857,0.45491089956854674,-42.71732786268991,-0.021001257348203652,False,False,False,False,False,False,False,False,False,False,False,True,False,False,False,False,-2.7480030059814453,0.42732370528736596,-21.270858606184188,-30003777.652319364,3.0849990844726562,89.01668218101103,-18.26068235195136,0.4185431150041087,-0.6324535044015414,54.70381360376765,24.294646175679812,1.6108510730797874,0.0,12.431168524381864,1.9650419795389624,51.64474163411324,3.3766163642883904,26.242818159379542,0.3977502167776578,0.2208599984850691,3.9375532910761986,9.588879406934897,47.36307549856206,2965521.428571429,1060429.2497914894,-0.03497370717552206,-56.64556671690158
2020-08-27,89.0,89.77999877929688,86.4000015258789,88.81999969482422,7678300,0,0,14022032.957490144,15.110973108621385,32.0,-1.2862354054170595,0.41529154448513056,-39.51676471114844,-0.010171854160597413,False,True,False,False,False,False,False,False,False,False,False,True,False,False,False,False,-0.10199890136718182,0.40049898052624266,7.117949123582958,-26189191.036735345,3.0849990844726562,89.01585087727017,-19.213410153519156,0.35436076023545426,-0.5504823906556131,59.44466219786637,24.39177840653624,1.452847596791064,0.0,13.240349844242052,1.7761007349379336,51.107847895299194,1.6883081821441952,38.206747316150505,0.3685937254178831,0.19872873322430434,3.622287415587107,9.525058767443443,48.183709765461096,305211.90476190485,221689.43331249952,0.11112680371821781,-59.367088424225365
2020-08-28,87.72000122070312,92.0199966430664,87.72000122070312,89.19999694824219,6487600,0,0,12000307.610307967,14.402769529586946,-52.0,-0.42988281249999716,0.44618028826476025,-10.761069589813244,-0.0676810395352648,False,False,False,False,False,False,False,False,True,False,False,False,True,False,False,False,-1.2320007324218807,0.4242043630811524,26.046377534060372,-22095696.577019665,3.0849990844726562,89.01948677796214,-16.640485970054318,0.3955084223185466,-0.45760642699798093,63.12300383028393,24.46508547307603,1.3214063376681588,0.0,12.80018710205849,-1.009880874426314,51.58683310122298,0.8441540910720976,42.34176767971862,0.3946054424642124,0.17962980303356788,3.5131253560722167,9.384709926540094,44.81518074074988,-3051221.428571429,-9237.716070846182,0.2146971771120204,-56.962041819717356
2020-08-31,89.2300033569336,89.75,87.80000305175781,88.94000244140625,8205600,0,0,13388957.488628715,13.745151920483538,-52.0,0.34552924212287905,0.4490929039145606,-24.055336080550415,-0.09326316984543359,False,False,False,False,False,False,False,False,False,False,False,False,False,False,False,False,-4.687498474121099,0.40798511625427636,21.602475886616357,-19243941.483915854,2.3199996948242188,89.01910300678726,-16.96635558371006,0.3960687596357753,-0.40256402755346476,58.67168699872503,24.389582622696892,1.2058110957350043,0.0,11.775457594995595,0.10129878315233878,51.21711859943236,0.4220770455360488,41.68776420206576,0.3745277680609817,0.1624449725014202,3.3204667269540113,9.238113620315751,44.51902725168832,-4243011.904761904,3838.636722049592,0.1761034133471271,-58.607577149860184
2020-09-01,89.37000274658203,93.91000366210938,89.29000091552734,91.36000061035156,10244500,0,0,12324587.041285543,13.979676889839423,-52.0,1.3889709248262392,0.6173335887021004,45.972410826617356,-0.0861112035669749,False,False,False,False,False,False,False,False,False,False,False,False,False,False,False,False,-0.41449928283691406,0.5589519505169712,31.447397178301912,-12953139.665962126,-0.11500167846679688,89.03033766525657,-15.35093334001973,0.6870792000974917,-0.2021719902660135,59.932588027617705,24.430159048600498,1.1468270022314953,0.0,10.69597348850943,7.431796362634162,54.48676559206905,0.2110385227680244,47.0464174751172,0.5520888521237326,0.1523590621540524,4.084869079544308,9.154283838381302,54.575491874957095,-3732926.1904761894,254828.85119739914,0.25953112187268523,-43.29112860507104
2020-09-02,92.8499984741211,93.0,87.1500015258789,90.29000091552734,7623300,0,0,12884932.713331042,13.656847346065229,-52.0,1.7470008176915712,0.579619181105812,23.364472279661054,-0.09432028901744782,False,False,False,False,False,False,False,False,False,False,False,False,False,False,False,False,2.353996658325201,0.4993671946563319,18.018939443992355,-12267966.667046605,-2.259998321533203,89.07889271917914,-19.183185424723902,0.6017212410418727,-0.1434452171291728,56.40216469566117,24.579375951212945,1.1045216922778245,0.0,9.223868977128099,1.2446743737980688,52.80163302417351,0.1055192613840122,49.34600457023405,0.46057623127542247,0.14475251593751404,4.262246842890629,9.042587712663368,56.84617962023942,-3644602.3809523806,189462.64555733942,0.18377792117526237,-50.06328053436681
2020-09-03,88.0,89.62999725341797,84.87999725341797,85.76000213623047,8139100,0,0,7761600.183520187,12.819197248262705,-52.0,1.471764934764181,0.2620857258133588,-72.31742243371731,-0.09047738832583459,False,False,False,False,False,False,False,False,False,False,False,False,False,False,False,False,6.997002792358401,0.21265832809013505,24.40824788165818,-15782559.009550689,-2.259998321533203,88.78141420263226,-26.039202141223228,0.13158603678700995,-0.39707215925540407,55.725531939085634,24.793773670428397,0.9912588380414973,0.0,7.62612684370318,-6.36531764905017,46.276324952633,0.0527596306920061,42.637141223191946,0.10621358061758843,0.12876852158738666,2.5013247359500443,8.941817199839498,50.12694959350444,-3815319.0476190485,-497635.48681612697,0.1948175958112165,-78.7341671909865
2020-09-04,85.5,87.19999694824219,80.56999969482422,85.04000091552734,8390800,0,0,10685099.363158556,12.663557109058797,-52.0,0.24608838698443947,0.22854972098962992,-132.56446752152345,-0.051026256102789644,False,False,False,False,False,False,False,False,False,False,False,True,False,False,False,False,8.34499740600586,0.25354520233044936,-3.4221201904996112,-14390962.899997132,-2.259998321533203,88.74254515717989,-17.658696979277927,0.08322106494665676,-0.5891306642957397,50.35814721752069,24.944538445890732,0.8239406810762684,0.0,6.047457425134404,-11.36126876016696,45.317715935494796,0.02637981534600305,32.18569083589727,0.05415546649740747,0.10604816075304459,0.7779389930704035,9.266454234067604,48.839480454188866,-4264861.904761904,-478797.3844513609,0.04010393774428611,-74.64547976695506
2020-09-08,81.62000274658203,83.4800033569336,79.58000183105469,81.70999908447266,8166500,0,0,11438915.139762146,12.707980838490034,-92.0,-1.1073232762953893,0.05048824926105542,-176.50954152114588,-0.03567065861794197,False,False,False,False,False,False,False,False,False,False,False,False,False,False,False,False,-4.493999862670904,0.11439300816206116,-17.926787130539513,-16220033.907612985,-2.259998321533203,88.65757466444798,-15.148986040505036,-0.25657235387668936,-0.8977526351161164,46.06737214980399,25.021712940475332,0.5686255739970443,0.0,4.506918605049695,-15.875629161929877,41.07931741460873,0.013189907673001525,19.353217952754907,0.0,0.07222864166838164,-1.9985009828753835,10.063724353033862,46.21486676613582,-4164752.3809523815,-390229.599724052,-0.08625257818638432,-88.56069918379389
2020-09-09,83.69000244140625,85.94999694824219,82.37999725341797,84.6500015258789,6250500,0,0,13137245.90609963,12.153047661167504,-92.0,-2.6731477400835786,0.2593798460068472,-92.94478895488962,-0.00699343725033287,False,False,False,False,False,False,False,False,False,False,False,False,False,True,False,False,-5.202996444702151,0.27228791752712495,-16.594334122725062,-11277674.026524022,-2.259998321533203,88.56652720764306,-13.858664833718585,0.09437325993268925,-0.8610726697464626,43.653685044394244,25.03245534656469,0.3232909043243285,0.0,2.7254078121737417,0.7738113403320312,45.89094115209539,0.0065949538365007625,21.340870933987905,0.22219070783223102,0.03883503272119038,-2.9827300529645986,10.62529931840225,48.325498494318744,-4350878.571428571,-94885.47749886604,-0.10012118123314095,-72.7712082472875
2020-09-10,84.61000061035156,87.55000305175781,83.13999938964844,83.87000274658203,6663600,0,0,8679744.014841769,11.298618755763568,-48.0,-3.7637064989875313,0.23571046298630344,-72.11347320091679,-0.043182003703136046,False,True,False,False,False,False,False,False,False,False,False,False,True,False,False,False,-0.8110023498535099,0.23039753171403285,-15.632041589734005,-10409092.0035524,-2.259998321533203,88.25714326447155,-16.35290034693903,0.031042278849412335,-0.8453261932911799,40.890351213723,25.059907712130492,0.08174921637186833,0.0,0.9285156117587634,0.8537747152555224,44.84461965161086,0.0032974769182503813,22.86842994297965,0.28083660568101987,0.005347998435593077,-4.092543623878537,10.848488456281565,44.496944565588365,-4480340.476190477,163497.79478366542,-0.12783256088491246,-70.06280273997983
2020-09-11,85.19000244140625,86.19999694824219,82.62000274658203,84.73999786376953,5492500,0,0,9692323.367066763,10.598314087427969,-48.0,-4.511088292738961,0.30660313376470794,-71.81363498570487,-0.029441347210677624,False,False,False,False,False,False,False,False,False,False,False,False,False,False,False,False,1.4044998168945284,0.2771212344707772,-10.738941102931657,-8239443.405737436,-2.1449966430664062,88.10712597568131,-18.954472979292845,0.1595302079829376,-0.7363004532805189,51.90903366638563,24.95680536791695,-0.12910494447323134,0.0,-1.0245824339225136,-2.865658025237345,46.31489793876976,0.0016487384591251906,31.058110255657198,0.390497912418765,-0.024863207437834423,-4.610326043461532,10.383445731065288,47.424136331116024,-2900802.3809523815,-4426.599739695295,-0.04365267237782877,-63.99165824576124
2020-09-14,85.73999786376953,86.79000091552734,83.80000305175781,85.27999877929688,5543300,0,0,9636693.051301463,9.880564535014738,-48.0,-4.3683523963479445,0.3391620233957805,-53.49774132413247,-0.013960843491123729,False,False,False,False,False,False,False,False,False,False,False,False,False,False,False,False,0.9624996185302734,0.30612236535877013,-4.6494079677084175,-6634753.337054557,-2.1449966430664062,87.99437214267911,-15.416151421482661,0.21850088027901732,-0.5939056687928527,60.865364840950534,24.783439557635095,-0.299471849945372,0.0,-2.993323109873764,-4.448180639443277,47.254745494830075,0.0008243692295625953,35.24073496313797,0.46059682636723154,-0.050360069648332687,-4.790096139868835,9.777615034248711,47.3780381468171,-2418392.8571428573,92298.83120179096,0.03425198889336567,-60.2233341248452
2020-09-15,86.05000305175781,86.25,81.08000183105469,82.6500015258789,6435200,0,0,7109913.018186633,9.788423481949618,-48.0,-3.9278233472038693,0.2058810521999203,-86.5812024558239,-0.03581844040981639,False,False,False,False,False,False,False,False,False,False,False,False,False,False,False,False,1.668996810913086,0.16487650375323695,-18.201588164148195,-8104725.478217523,-2.5999984741210938,87.64544644438918,-14.200964432497685,-0.05642389719938779,-0.639008629886299,51.3717003719667,24.715558521602354,-0.48381084148413667,0.0,-4.704413496977409,-6.946631603405483,43.280611519363696,0.00041218461478129766,32.40286321432621,0.16418442015354043,-0.07735740740629976,-6.050421354237626,9.730799551967038,47.42154633903959,-1786933.333333333,-163134.33697135161,-0.06485882470511406,-78.5764179864151
2020-09-16,82.91999816894531,84.41999816894531,80.87999725341797,82.6500015258789,4495800,0,0,7109922.707515181,9.749528551289346,-48.0,-4.1503819185144835,0.23410789108388702,-92.74440688261176,-0.05125085219705389,False,False,False,False,False,False,False,False,False,False,False,False,False,False,False,False,1.8560020446777372,0.16487650375323695,-28.5045572029245,-6946907.552757877,-4.284999847412109,86.97713797786597,-18.022333865330882,-0.002102159320741252,-0.6299704632397328,43.598510803103466,24.656426978620583,-0.6665198747781084,0.0,-6.5786731138081675,-7.34304444669867,43.280611519363696,0.00020609230739064883,27.541276634108254,0.16418442015354043,-0.10408358797847873,-7.091659115980454,9.822394210035915,44.40019476434674,-1638323.8095238097,-198458.70740448497,-0.1483516964496303,-78.5764179864151
2020-09-17,80.04000091552734,81.75,78.80000305175781,81.0199966430664,5962900,0,0,10121675.914191814,10.193850405880069,-76.0,-5.037176064883965,0.15372265039713318,-132.34466738751803,-0.08101822625723726,False,False,False,False,False,False,False,False,False,False,False,False,False,False,False,False,5.022000503540042,0.11443269534795555,-39.569861156458025,-7343000.204609989,-5.3249969482421875,86.138782716189,-24.429345924081094,-0.12442618834802831,-0.6900587557609837,36.57927127145889,24.578377627335826,-0.8681246083019993,0.0,-8.153650707199086,-8.904885969120082,40.81341904929897,0.00010304615369532441,19.179792601234986,0.0,-0.13293740539625457,-8.664510145910299,10.020011492931536,46.07855351472324,-1375928.5714285718,-117598.9828951101,-0.25068165935888354,-85.307786223465
2020-09-18,81.80000305175781,81.80000305175781,77.5999984741211,79.80999755859375,9860800,0,0,10638178.400100157,10.870645881556749,-80.0,-5.694028831930723,0.05891413246025144,-149.71090095761522,-0.10703429880257352,True,False,False,False,False,False,False,False,False,False,False,False,False,False,False,False,4.818000793457031,0.13549959420615262,-49.74626685787911,-7998508.5999754155,-5.3249969482421875,85.53420776912617,-28.279332950909993,-0.16368011741363986,-0.7619476737725652,28.978675729132604,24.58566760674346,-1.092598586519779,0.0,-8.59443489157793,-12.642297476571096,39.03456699992389,5.152307684766221e-05,16.555251736911774,0.0,-0.16446864807569522,-10.500984592851887,10.346774678599166,45.07800039402962,-475004.7619047612,-264865.82400265115,-0.3267469691690307,-86.45004057938473
2020-09-21,77.9000015258789,80.08999633789062,76.62999725341797,79.95999908447266,6677500,0,0,16813911.412013922,11.71085831111176,-80.0,-6.62176500208237,0.11137761917049946,-148.05456774961687,0.08801357127730595,False,False,False,False,False,False,False,False,False,False,False,False,False,False,False,False,0.4900020599365291,0.19270836782674924,-52.847095253837686,-6712773.772970871,-5.3249969482421875,85.09164921209621,-29.879627630364617,-0.11974598444281903,-0.7489357647345039,29.67298346301176,24.559545773492705,-1.3150571752717146,0.0,-8.962027086462511,-11.440914526868964,39.38725939055231,2.5761538423831104e-05,15.837669993275115,0.022824738403744327,-0.1958650722958744,-11.955788726932226,10.634798576576703,52.519076859517604,361378.5714285718,-134716.59402451073,-0.3266940284666423,-80.72916321732508
2020-09-22,79.6500015258789,80.58999633789062,78.5999984741211,80.04000091552734,4427000,0,0,18793843.725026462,12.315204795075164,-80.0,-6.982236233879547,0.1452933946918905,-115.55222505434409,0.16549508303524918,False,False,False,False,False,False,False,False,False,False,False,False,False,False,False,False,-0.07399902343749432,0.1973381017031469,-57.981751623415335,-5703210.647392304,-5.3249969482421875,84.96654608057648,-26.639184410922116,-0.09712434794385699,-0.6861520087666513,24.436268908964465,24.412291709708185,-1.5206403003949076,0.0,-9.74930595191771,-6.66977737665731,39.58799508728962,1.2880769211915552e-05,17.883867702001236,0.04019942131394664,-0.22534582763996497,-13.14060448599969,10.94457036041761,53.087994499355496,264947.6190476185,16979.563117725917,-0.3950314784746983,-79.16919309728665
2020-09-23,79.62999725341797,79.77999877929688,76.12000274658203,76.63999938964844,5926900,0,0,14551081.126401838,13.428611339517781,-92.0,-7.37576509363511,0.0015130665236640186,-143.19193692504243,0.09317771827145731,False,False,False,False,False,False,False,False,False,False,False,False,False,False,False,False,-2.8740009307861385,0.02922971423866237,-56.8786173245629,-7767247.561155073,-5.704998016357422,82.9532134565875,-30.988263181435826,-0.48957579329145845,-0.8159852567120622,25.16655470896312,24.36977108023921,-1.767844244760496,0.0,-10.422330325622246,-9.877706297560918,34.37729311781435,6.440384605957776e-06,14.650207047601858,0.0,-0.25952634468914854,-15.68134866051646,11.149850880870826,48.98398609164133,-925180.9523809524,-247338.16039248678,-0.4120646350478234,-96.15102254258288
2020-09-24,75.5999984741211,76.91999816894531,72.1500015258789,75.29000091552734,13385100,0,0,18788302.052550208,15.199285048853906,-96.0,-7.929500669591562,0.0019247276996102686,-168.06703244749266,0.055341016923285094,False,False,False,False,False,False,False,False,False,False,False,True,False,False,False,False,0.7640014648437443,0.14430142837257948,-53.81596978052679,-9239049.991841242,-5.704998016357422,81.0363674786072,-35.06906538092399,-0.5760430553223981,-0.92705483666311,24.229157989265175,24.352293646927397,-2.0521070357454434,0.0,-9.331086174144183,-7.857053287086996,32.545555501798546,3.220192302978888e-06,15.023129588718367,0.0,-0.2980591890909339,-18.394464206714712,11.150480563904942,54.40600792927406,935971.4285714282,-487543.3730851213,-0.43703834187954205,-79.61039559397555
2020-09-25,75.0,75.58000183105469,73.41000366210938,74.33000183105469,7403300,0,0,17662447.39017757,16.843482064666016,-68.0,-8.504176869111902,0.02316708436678836,-150.60178241192432,0.02497166609746505,False,False,False,False,False,False,False,False,False,False,False,False,False,False,False,False,0.7085025787353487,0.10018382771875166,-34.879657790173276,-8934494.45330341,-5.974998474121094,78.70925946269864,-37.652693540248144,-0.6264552106952339,-0.9935394666787882,24.716121325026236,24.298687978185548,-2.3608163156841044,0.0,-8.455617077851883,-12.191375674894967,31.269598282590877,1.610096151489444e-06,12.798142199447534,0.0,-0.33961922967065145,-21.073278891202367,11.18225125221738,53.4591765595271,1998607.1428571427,-330173.04283476516,-0.34939528337211667,-85.84415526509915
2020-09-28,75.61000061035156,76.02999877929688,73.20999908447266,75.0999984741211,7400300,0,0,20181696.324091315,18.187976929924975,-68.0,-8.845705750409294,0.11114272155780505,-128.0000380499399,0.05577161184491138,False,False,False,False,False,False,False,False,False,False,False,True,False,False,False,False,2.2834976196289034,0.13556969938575666,-26.506188146364813,-6844108.651733734,-4.745002746582031,77.5456804735727,-41.49785521683737,-0.451524656951358,-0.9159251164999134,32.316304761572496,24.205715164740056,-2.6495759507464736,0.0,-7.743494189402675,-10.456663867008569,33.52089272824716,8.05048075744722e-07,17.90042386071441,0.14083664139999644,-0.3792405881637433,-22.777506687393956,10.826747044286616,54.632192100082115,2544469.0476190485,-17736.228413958044,-0.27039740334803786,-80.84417755878225
2020-09-29,75.08999633789062,75.29000091552734,72.44000244140625,73.69999694824219,6639500,0,0,19412889.66242168,19.587617999327477,-76.0,-9.548910769294281,0.08789171735852634,-128.11197053617536,0.04150760412016512,False,False,False,False,False,False,False,False,False,False,False,False,False,False,False,False,3.585498809814453,0.07123140028476993,-39.570974724124234,-7194280.291639343,-6.055000305175781,76.35391062959525,-41.06349855640674,-0.5238621255366157,-0.8884576247018625,25.548653233294374,24.13953983180379,-2.934179472109124,0.0,-7.3140568658513,-13.028087318665701,31.500546214233665,4.02524037872361e-07,14.458857172959574,0.014447657477058486,-0.41848882574888274,-24.820642687462165,10.890204183510319,53.396713860514346,268150.0,-47111.523248247046,-0.4143201259249415,-89.93509565724007
2020-09-30,73.73999786376953,75.58000183105469,72.8499984741211,74.1500015258789,5783300,0,0,19137500.581385314,20.757687738641163,-76.0,-9.867234398336976,0.1349629918159704,-111.19515462330943,0.04843285101359647,False,False,False,False,False,False,False,False,False,True,False,False,False,False,False,False,1.8160015106201115,0.09592326841090129,-43.968946360067605,-5794738.610855661,-6.055000305175781,75.77280684726175,-41.083388658058084,-0.37610211175678315,-0.7737730613207572,24.190664321760735,23.988078689914335,-3.1868166152786586,0.0,-7.258159552567889,-13.051122669715562,32.900465193946516,2.012620189361805e-07,14.293976513105015,0.10202389065938339,-0.45419264065407566,-26.19165142193926,11.223288240762445,49.78653245072523,-208971.42857142817,-88460.2078820675,-0.4633640462610794,-86.33879724466281
2020-10-01,74.87999725341797,74.94999694824219,73.11000061035156,74.43000030517578,4414400,0,0,21056816.070745606,21.84418106800387,-76.0,-9.509264037188373,0.16849725493108703,-102.48093986307853,0.059449908498901624,False,False,False,False,False,False,False,False,False,False,False,True,False,False,False,False,2.609001541137701,0.1304347446552761,-40.166665936958324,-4790343.579115121,-6.660003662109375,75.48946058364601,-38.54248166459365,-0.27498394201743237,-0.6195202690271149,24.641754223955672,23.802065479060225,-3.3941523127559936,0.0,-7.748048624952121,-9.945554832360559,33.806932593813286,1.0063100946809025e-07,13.099956633681748,0.1587307440797087,-0.48466428108174264,-27.128008107858985,11.566067511939996,50.53321613207354,-1127264.2857142854,51981.50603387355,-0.44838029394433543,-84.42623719705205
2020-10-02,72.16999816894531,74.05000305175781,71.27999877929688,71.4000015258789,5843800,0,0,15719348.900227524,23.255095591177387,-88.0,-9.472470294727998,0.051310012325298394,-121.19853821450232,0.058875200437304154,False,False,False,True,False,False,False,False,False,False,False,False,True,False,False,False,1.6969966888427734,0.0073757046754530506,-48.197951049853486,-6635538.334449401,-6.660003662109375,74.50298807771564,-37.39421602085021,-0.6260952634019991,-0.6583773631001986,18.32540798922021,23.6911482518696,-3.618128418548211,0.0,-8.230605208862233,-13.611614993712326,29.208471557772967,5.0315504734045124e-08,10.01219568219088,0.0,-0.5165078175979433,-29.289163892939808,11.99351603359404,49.52948230077428,-1413961.9047619049,-221228.17159140608,-0.5436936457608738,-99.19837851171268
2020-10-05,72.19999694824219,72.29000091552734,69.88999938964844,72.06999969482422,7996300,0,0,22249653.364692055,24.845058533515434,-88.0,-9.66258767071892,0.13138197116135159,-119.15760189626064,0.08581051211175832,False,False,False,False,False,False,False,False,False,False,True,True,False,False,False,False,1.1354976654052678,0.12344280028962316,-42.22071403772333,-4922246.235479859,-7.06500244140625,74.01474752221422,-34.157269345360575,-0.49893590209379124,-0.5786093031522892,18.23820404551863,23.581257796132107,-3.8202325461027433,0.0,-8.165182919073676,-11.046651837905399,31.42952865728607,2.5157752367022562e-08,10.459609602752485,0.15783364190346164,-0.5456277407931687,-30.51674148826262,12.208881859213458,51.398005528712076,-787802.3809523815,-162862.3430418492,-0.5756467043334234,-84.996555482978
2020-10-06,72.0,74.69000244140625,71.30999755859375,72.98999786376953,7212800,0,0,22206965.01913967,25.16880563542076,-88.0,-9.306470422183764,0.21386398049361743,-83.23224242768217,0.08046979765599564,False,False,False,False,False,False,False,False,True,False,False,False,False,False,False,False,1.721499252319333,0.17553781604090668,-30.11882658974768,-3271102.088558629,-8.495002746582031,73.86254592569644,-28.063034152586027,-0.30005149403439746,-0.4113976847311718,24.901594685347433,23.613604921761983,-3.971034183068422,2.0,-7.921768936059768,-8.5452949548297,34.46983754869568,1.2578876183511281e-08,13.944530876463316,0.4533726666807058,-0.5687005537941328,-30.74715095548171,12.230331221639908,51.58457396803691,-49073.8095238097,167108.95772006136,-0.44337229413253454,-73.97147337591956
2020-10-07,74.38999938964844,75.94999694824219,73.91000366210938,74.80000305175781,6574300,0,0,21369078.98396954,24.92419729576752,-84.0,-8.59979400634765,0.3324476198291941,-47.656832200579615,0.06136811535135981,False,False,False,False,False,False,False,False,False,False,False,False,False,False,False,False,2.294001007080084,0.2780295947867831,-17.448497627611342,-1103870.7748514884,-8.94000244140625,73.88645529177003,-19.17105359332406,0.03886833336805406,-0.1404078199866614,31.434551825804093,23.568567869812377,-4.035023197171861,0.0,-7.707507216139175,-6.45322172560762,40.09720413786319,6.2894380917556405e-09,27.419283278135822,1.0,-0.581554110902551,-29.36064434149779,11.97884889036351,51.13009161921342,150754.7619047612,255103.27749680312,-0.250703625572786,-58.77412130669516
2020-10-08,75.02999877929688,76.25,73.01000213623047,73.41000366210938,4181700,0,0,18219902.12200751,24.939733531777133,-80.0,-7.840970095466162,0.2760187206156132,-53.2741423041608,0.07246238214360337,True,False,False,False,False,False,False,False,False,False,False,False,False,False,False,False,-0.583000564575201,0.2082842576712652,-17.359432485966135,-1776540.728114543,-8.375,73.8740379815198,-10.500315817619907,-0.10700734394000595,-0.02247429599209294,33.56740297121253,23.493028693977717,-4.061600794496391,0.0,-8.075527701325228,-8.283354794579699,37.438317854591666,3.1447190458778203e-09,33.38388363042194,0.7558130605454276,-0.5891820237569039,-28.890542034746126,11.703741073144865,47.10829391088332,-715128.5714285718,85321.39702595332,-0.24328217781910566,-67.10275442611963
2020-10-09,74.0,79.75,73.66000366210938,79.54000091552734,13997300,0,0,31251874.71555221,23.578963552293356,-56.0,-6.764734649658209,0.6637003573925401,15.62864975608383,0.153819353734695,False,False,False,False,False,False,False,False,False,False,False,False,False,False,False,False,-1.6729991912841768,0.5710059558930747,-5.951343319928808,10734880.883797154,-4.939998626708984,74.23014750748797,1.0651395840134512,0.9114153292941887,0.4733040497546006,45.4356967298811,23.59138337662236,-3.9247359234181642,0.0,-6.532481896174961,3.7839268645278743,52.422095929794345,50.00000000157236,54.77002671263307,1.0,-0.5774418723221306,-23.264064213884282,11.219793647162684,56.218856307692654,1023528.5714285718,1091116.472115551,-0.0742816579280744,-9.813044129286189
2020-10-12,81.87999725341797,85.30000305175781,80.69999694824219,84.72000122070312,11398300,0,0,39775815.54204674,23.047785684827005,-56.0,-4.347587630328022,1.0018899383466313,138.92084888861174,0.20640901878037948,False,False,False,False,False,False,False,False,False,False,False,False,False,False,False,False,-2.6049983978271456,0.906479295708046,8.229508820475802,17636068.968752578,-1.125,75.42136400197766,13.773007064047547,1.6913157634848508,1.118213348046298,49.438324158175774,23.646089984727723,-3.5762046430700494,0.0,-4.52603601045605,12.524903958702167,60.9362424428663,75.00000000078619,73.10680023662515,1.0,-0.5395613244502164,-14.95244750200499,10.801778460193812,60.818973730343394,2133578.571428572,1911132.728642593,0.10159345914705786,-3.7638007347189353
2020-10-13,84.19999694824219,85.08999633789062,82.33000183105469,84.6500015258789,4634700,0,0,42932799.589946166,22.554549093608248,-56.0,-2.146764284021714,0.9705186436277339,145.69591311931887,0.24839744946302447,False,False,False,False,False,False,False,False,False,False,False,True,False,False,False,False,-1.9350017547607479,0.9578195086690893,18.505452575243144,15070283.746701952,-1.125,76.86382673465926,24.865368622993728,1.7196809370566968,1.485196457713779,54.670992386925214,23.678267355978576,-3.1083939209376434,0.0,-3.691781233802759,13.884029921431507,60.77795991555934,87.5000000003931,94.06836866763467,0.9950112307643609,-0.48446511441068396,-8.761048017741901,10.421186097087604,67.64351732300959,2376878.571428572,738478.8227264126,0.20394328335758116,-4.218049133091068
2020-10-14,85.4800033569336,87.0999984741211,82.18000030517578,82.66000366210938,4363400,0,0,39420800.983086534,22.577929275179667,-56.0,-0.12829392377068416,0.8474693380351457,140.36494661116177,0.22425090902483943,True,False,False,False,False,False,False,False,False,False,False,False,False,False,False,False,-3.335503387451169,0.7420107467630486,34.68847047433239,11676935.114491392,-0.22500228881835938,77.39663157500188,33.859635065187916,1.3807391138525118,1.5328280948292408,59.31610721779874,23.80931417898045,-2.624821592710961,0.0,-3.7260188546276654,10.066585008777867,56.300700571672515,93.75000000019655,88.7397416028317,0.8538963897595558,-0.4236986994867898,-5.1479219709399215,9.961002671561824,59.05373463645588,-190014.28571428545,-106406.56874787007,0.386940157611838,-25.798925323695144
2020-10-15,80.54000091552734,82.91000366210938,79.80999755859375,82.79000091552734,3365500,0,0,42525740.693760775,21.786857059018285,-56.0,1.4156471476835293,0.8412474980207275,94.67321757371218,0.22902632751158036,False,False,False,False,False,False,False,False,False,False,False,False,False,False,False,False,-2.9739990234375,0.7495643353936985,13.19185498592596,10071302.349046648,-0.22500228881835938,77.88408067027339,42.04582114678391,1.3885090877435784,1.5095989970865042,61.58941964251214,23.882755236350597,-2.148606847027523,0.0,-4.571311768488877,12.33379151110258,56.52600097758989,96.87500000009828,81.64648636086129,0.860997437190002,-0.3604452811819992,-2.253157359354178,9.37102215801235,62.90995783799635,-2579200.0,-97284.32420207013,0.24518138509957899,-25.04356646063015
2020-10-16,83.77999877929688,85.86000061035156,83.3499984741211,84.0199966430664,3635800,0,0,40830958.43831914,21.750292236638057,-56.0,3.150499613144831,0.8814068462327798,130.23347582846694,0.22321833636119584,False,False,False,False,False,False,False,False,False,False,False,False,True,False,False,False,-2.9045001983642607,0.8210341664786286,28.853125745160586,9271404.651495202,0.7099990844726562,79.1477683747648,52.129155140850195,1.5673682973101355,1.5099321225696982,60.226451074865636,23.920012183398327,-1.6729620638351457,0.0,-5.864213694161565,13.310849513256986,58.695877445171114,98.43750000004914,77.0869749545126,0.9293878852753636,-0.294462195973503,0.8177523060194524,8.81399847536805,61.21178826258869,-2643273.8095238092,59309.24293117288,0.35443335464320236,-17.89658335213714
2020-10-19,84.9000015258789,86.30000305175781,83.25,84.1500015258789,4166800,0,0,39123255.22897377,21.81433861877946,23.999999999999993,3.623146977144131,0.85921659532006,118.00041790645965,0.16805468768072318,False,False,False,False,False,False,False,False,False,False,False,False,False,False,False,False,-6.143999099731445,0.8285881984210123,32.05683560835167,8024304.60781062,1.5600013732910156,80.15066415026693,58.170274677689704,1.5501127918247672,1.4513758434400221,66.61945566802119,23.98035491355978,-1.216825833865581,0.0,-7.261081885288223,13.059251888820974,58.929212074743994,99.21875000002457,79.97289000977806,0.9367421564095676,-0.22851285653418454,3.3619273933007925,8.034216027743943,61.95590773050974,-2532185.7142857146,60463.73441913615,0.3909653877745153,-17.141180157898773
2020-10-20,85.44000244140625,91.55000305175781,85.04000091552734,89.06999969482422,8803100,0,0,41219224.541590154,22.884732208368295,48.0,4.637353448306811,1.0302348128598786,155.6242400422614,0.16353778782937586,False,False,False,False,False,False,False,False,False,False,False,False,False,False,False,False,-5.925500869750977,0.8855030961388085,49.470175780545006,13065294.789700886,1.5600013732910156,82.2562002016009,67.8638642966169,2.137247619547232,1.6613566453809452,68.25346810606551,24.130839955934324,-0.6983799723677246,0.0,-7.433325559521606,24.747896066277853,66.61555732748869,99.60937500001229,84.50418203461504,1.0,-0.1529741242890586,8.331395427988443,7.237545842867119,59.184282122702314,-935352.3809523815,521138.17724860273,0.4755484136306697,-11.449690386119153
2020-10-21,90.26000213623047,93.19000244140625,89.41000366210938,90.2300033569336,6400400,0,0,37595717.52658164,24.140418897312582,52.0,5.933324701645802,0.9940042287354359,154.72708694516126,0.1674754335220672,False,False,False,False,False,False,False,False,False,False,False,False,True,False,False,False,-5.685002899169916,0.8729614293226736,62.6975254520186,12259465.168167166,1.8850021362304688,84.09797140321778,76.1724883214865,2.2058640524481365,1.7849031134483515,73.75973333401294,24.266765786814076,-0.14634104478960863,0.0,-7.427222261101103,25.19772962259851,68.12998395828015,99.80468750000614,86.23509079608321,1.0,-0.07107884686441035,12.862718267761435,6.389050305114263,52.123832814670024,-155676.1904761903,598046.4976543864,0.5707101491357878,-12.703857067732642
2020-10-22,90.0,91.5,86.58000183105469,87.7699966430664,5905500,0,0,34546931.74517318,24.33048153888161,52.0,7.4168246549718475,0.8464355699594781,109.15144983812104,0.12110797063201392,False,False,False,True,False,False,False,False,False,False,False,False,False,False,False,False,-4.498997497558591,0.7673817558607168,53.87011833487147,8432745.90860862,4.959999084472656,84.78974938749572,82.18959751241702,1.741919142459669,1.6127089451133092,72.76698003061463,24.46039487186952,0.3492847328536895,0.0,-7.417351604828485,20.249348146142786,61.73422986153825,99.90234375000307,84.19487604407335,0.8257309331917564,0.00565809041312041,14.70053465116566,5.302536736682104,47.874123042334645,419483.333333333,-77650.32797865677,0.521943807960373,-23.261824413928327
2020-10-23,87.87000274658203,87.87000274658203,85.5999984741211,86.91000366210938,2829700,0,0,34983235.88923739,24.189918295360524,52.0,7.759001271864946,0.7808226763639894,78.7951446517284,0.13796269361537253,False,False,False,False,False,False,False,False,False,False,False,False,False,False,False,False,-6.5179969787597685,0.7304721906968551,44.0389218719972,6880421.901919658,4.959999084472656,84.99258089944836,83.06303090829947,1.5246430633093957,1.3626104267780628,76.06101854412243,24.52346012561915,0.7657311380092654,0.0,-8.204259067830804,16.189839727642866,59.62686963793884,99.95117187500153,78.44410651124397,0.7473833233856608,0.07341628724273574,15.537731601221255,4.168849815429788,51.637840007545876,-1202607.1428571427,-188732.10255760784,0.4976437972192732,-28.701998984607318
2020-10-26,86.26000213623047,88.77999877929688,85.55999755859375,86.91999816894531,2594700,0,0,34580332.3152702,24.246950550061065,52.0,8.072118377685541,0.7544114123997213,74.56869923897247,0.11925195431206126,False,False,False,False,False,False,False,False,False,False,False,False,False,False,False,False,-0.9789997100830021,0.7309011394319147,41.50163226309922,5901209.165486451,4.959999084472656,85.04616287258186,75.91858694668701,1.4309456768319697,1.129208452951253,75.01666994484793,24.570068405450513,1.1087545432087706,1.0,-9.569972087095753,18.403478862389882,59.64411096971363,99.97558593750077,72.32192973329023,0.7235121430065766,0.1320015692894722,16.212239719922408,3.365125850179506,48.068701985080956,-2141309.523809524,-27427.74152160183,0.44740085126568074,-31.070387401593855
2020-10-27,88.0999984741211,90.94999694824219,87.5,90.30999755859375,3467300,0,0,36761213.853445955,24.72808290727571,68.0,8.109294105978577,0.8483956632699452,94.54238650976967,0.1475585352871143,False,False,False,False,False,False,False,False,False,False,False,False,False,False,False,False,3.3705005645751953,0.8763946564120633,51.82927195603826,6737342.839520962,4.959999084472656,85.44095622425144,71.97388922354305,1.7967561408046782,1.131637187736731,74.33988593891763,24.67471732334756,1.4483319233818877,0.0,-11.004838900142074,13.54035267676738,65.08980887349382,99.98779296875038,75.31867787909736,0.9009446057924837,0.1897950648236711,18.5095631821665,2.874486464651579,52.14876744257157,-2732114.2857142854,135527.85159913934,0.4434709757273848,-14.27157997650691
2020-10-28,88.9800033569336,90.66000366210938,87.66999816894531,89.98999786376953,3965200,0,0,38949355.58539188,25.17484866754645,68.0,7.569940746531756,0.8032801983664835,86.46994511734631,0.17115925567819337,False,False,False,False,False,False,False,False,False,False,False,False,False,False,False,False,2.5085010528564453,0.8626607657291572,53.166405853038505,5593599.178172683,6.680000305175781,86.05239952874844,68.23099644161437,1.6369553470023048,1.0424100191953374,73.85248205108245,24.725738355298628,1.7575799315932124,0.0,-12.256078295789154,6.220486977257704,64.2090090453334,99.9938964843752,79.42431983855118,0.7503817887015637,0.24326271677547495,20.102065507911487,1.8359310707459342,56.138367148649785,-2338150.0,121179.38428501555,0.4536671378151421,-16.38507310624587
2020-10-29,91.95999908447266,97.25,91.19999694824219,94.12000274658203,8639600,0,0,38649480.9969376,26.672480485828938,76.0,8.318263828053205,0.9093207882817836,132.36684857172816,0.1466346235852777,False,False,False,False,False,False,False,False,False,False,False,False,False,False,False,False,-0.4659969329834013,0.885599518143514,72.02738097439965,9891883.607797567,6.680000305175781,87.55183102071598,69.76777435266882,1.9948232604744431,1.1820251745655184,72.75016344244601,24.82569256330322,2.102459887654577,2.0,-11.87327398203935,11.18724282338966,69.87501194730645,99.9969482421876,83.7987058239961,1.0,0.30089853623408525,23.40294751505957,1.8283240938977445,53.29678017650878,59509.52380952425,382456.0977254004,0.5296418151343969,-17.9472294452591
2020-10-30,93.55999755859375,95.37000274658203,89.2300033569336,89.9800033569336,4868100,0,0,34970656.35945813,27.373773818732644,76.0,9.22523487315459,0.7350919282174195,97.13156427529255,0.16177501320776477,False,False,False,False,False,False,False,False,False,False,False,False,False,False,False,False,-1.2649997711181697,0.734283754353579,36.53872040103819,5599624.374005407,7.575000762939453,87.6817182610606,63.09510882514791,1.270472977047968,0.9272889811008052,62.97520816975326,25.060006710768434,2.3696980592700347,0.0,-11.583032362516681,8.85555210564265,59.67641977712738,99.9984741210938,74.66064757199882,0.24868437978476937,0.3479938379064063,22.843268772541965,2.1736538232593707,47.97194200430796,992885.7142857146,182376.02114860187,0.2808443142933741,-41.685754732498765
2020-11-02,91.91000366210938,93.5,88.69000244140625,91.62000274658203,4416200,0,0,35934694.99371651,27.838548532279965,76.0,9.791706062765684,0.7806955574355041,87.1038932090646,0.11856692256329437,False,False,False,False,False,False,False,False,False,False,False,True,False,False,False,False,-1.0125041961669865,0.7829608047981064,24.143989250561503,5834330.221228268,7.834999084472656,87.94759711016351,56.72127967432938,1.328301976171922,0.8054872340390746,56.32533054342876,25.287847746174364,2.5981528698104475,0.0,-11.479801177640242,10.665541410084236,62.040011676701525,99.9992370605469,69.36164199946111,0.4228067963234694,0.3891213301713949,23.171212305065524,2.2865332029941716,51.38621322715363,1158826.1904761903,-133639.3259999216,0.2089726631283545,-32.282089823859
2020-11-03,94.5999984741211,100.26000213623047,93.01000213623047,97.72000122070312,11044200,0,0,39240335.51474628,29.238093742693106,88.0,10.862383135627297,0.9931984308549544,153.95593593410933,0.1428353324277421,False,False,False,False,False,False,False,False,False,False,False,False,False,False,False,False,-2.118999481201172,0.9067889572283544,42.63055609236728,14625083.4964654,7.834999084472656,88.71188731718797,53.15874640893455,1.8754280975788329,1.0561821253236165,66.40382920349998,25.592345408267335,2.892717309830667,0.0,-9.597097611123601,16.30564761367113,69.25800100027176,99.99961853027345,71.20387194990174,0.9537785272306367,0.43816986499263755,26.112464270840537,2.1922413286022646,55.398787083110086,1483159.5238095243,815806.2773040661,0.33881917378211346,-12.420539593937226
2020-11-04,101.81999969482422,110.41000366210938,101.69999694824219,110.26000213623047,11337400,0,0,50187235.86179149,31.472312598653502,92.0,13.482147755342368,1.2647771253989009,260.46927547671044,0.23237656828189157,False,False,False,False,False,False,False,False,False,False,False,False,False,False,False,False,1.027998733520505,0.9959892641775666,115.90344360960721,32845929.622641727,7.834999084472656,92.21854277079241,63.36588066874458,2.9813356500392936,1.9357875106930353,74.16208753860171,25.97889159898757,3.4213939276783805,0.0,-6.764535978841252,31.027926484733186,78.36535862908248,99.99980926513672,84.91502742326105,1.0,0.519105723869626,33.06042663239451,2.1059982615407637,64.92813825522596,3070171.428571428,2190196.7862292887,0.5971052686474797,-0.5522883124208549
2020-11-05,113.77999877929688,116.79000091552734,110.44999694824219,113.06999969482422,8605100,0,0,48694240.444359176,33.95361692611515,96.0,16.363500841926125,1.191408402769748,275.3195292485915,0.23726830954903383,False,False,False,False,False,False,False,False,False,False,False,False,False,False,False,False,0.20500259399413778,0.9137490967401274,139.71398555841037,31607983.961043637,7.834999084472656,97.19235262009832,78.06945334015414,2.98990689670588,2.5381133074698843,76.24486681552449,26.358004303660973,4.096488260147122,0.0,-4.178157110354536,26.945099452374443,79.80885064401704,99.99990463256836,91.97864480326751,1.0,0.6226345021470124,38.70834287652801,2.09438878851305,61.92293178044785,4111521.428571428,1674183.9845624592,0.6915591862358595,-11.091237683839628
2020-11-06,113.80000305175781,116.58000183105469,110.55000305175781,114.52999877929688,4215900,0,0,50043603.258454956,36.25768523018668,96.0,19.581059377333688,1.096684219441864,218.65829700959162,0.1583702974112989,False,False,False,False,False,False,False,False,False,False,False,False,False,False,False,False,-4.004504013061521,0.93888583204234,138.26327815945208,27971873.415212873,8.805000305175781,101.87454099221728,87.63495850774711,2.953840597128534,2.843132093940902,76.60489347923487,26.66602411905797,4.83092951118469,0.0,-2.883049236558589,26.931169808602235,80.535523176513,99.99995231628418,93.74611901307811,1.0,0.7378744124446505,43.12188369364644,2.08665549423998,62.160904117204424,1831914.2857142854,273739.8081661046,0.6605802838586224,-7.118116964505413
2020-11-09,112.58000183105469,112.72000122070312,105.69000244140625,106.13999938964844,8765200,0,0,42400540.935732596,37.05563458954742,92.0,22.332177016314347,0.8364534132489936,132.65181432582062,0.022622301576795987,False,False,False,False,False,False,False,False,False,False,False,False,False,False,False,False,-5.935496902465815,0.7120064748755066,94.69214900504343,13470173.977304397,8.889999389648438,102.31723868082193,85.87171295133697,1.8878160939487418,2.310731052965144,66.03605334227827,26.966069694433283,5.410483384722692,0.0,-1.4006963839537616,20.92970656167071,65.86552968478183,99.99997615814209,82.56293965441209,0.29837693925787023,0.833529462020729,40.93642340077545,2.8613448509915753,54.85108090048874,977221.4285714282,-587665.5462968694,0.45799532562039114,-34.10182638841896
2020-11-10,101.13999938964844,105.37999725341797,96.54000091552734,103.08999633789062,9735900,0,0,47092271.444865435,35.833645066581816,84.0,22.520411749447092,0.7346849041843742,66.42887977213064,0.034340324911614255,False,False,False,False,False,False,False,False,False,False,False,False,False,False,False,False,-6.847502136230474,0.6295293852354931,28.542080051669505,7303788.450316787,8.69000244140625,102.36069426645732,74.8922587204456,1.4192007337551764,1.6168802975792387,56.58335412216135,27.246905847272295,5.799772975214562,0.0,0.31607288161379454,18.616950861820445,61.481156686032996,99.99998807907104,71.63732371210115,0.08868514869564424,0.9024552964614885,37.57675698636813,3.9133040459379864,59.626164173496655,1115904.7619047612,-921870.233420054,0.18074388373555683,-43.868085510772396
2020-11-11,102.45999908447266,113.44000244140625,100.51000213623047,111.45999908447266,11958300,0,0,55388162.5377688,35.55811992128777,84.0,21.75029442731072,0.8945881023251367,105.47743837326351,0.12404734275494525,False,False,False,False,False,False,False,False,False,False,False,False,False,False,False,False,-4.89750251770019,0.8558680003457778,88.44652819189882,20559104.935193233,7.840000152587891,103.23603333473991,74.86890607326137,2.0022282412508505,1.5833216857079346,65.36923252674723,27.670567413565553,6.167047518139209,0.0,2.5024387381723714,28.2328594483277,67.81311764382902,99.99999403953552,68.32105374720176,0.39152439877524653,0.9676129581236601,37.26839005672364,3.911040752276461,64.29698114515078,3264361.904761906,691141.4634063141,0.33809178181967325,-17.06692685920361
2020-11-12,138.16000366210938,138.27000427246094,127.01000213623047,134.2100067138672,32078700,0,0,64333750.81946822,36.9186434433595,96.0,23.844148209515737,1.203167562916841,229.23668133019197,0.13852239539021627,False,False,False,False,False,False,False,False,False,False,False,False,False,False,False,False,-7.788502502441403,0.9262087015026661,166.00227648558143,121877899.90745968,7.840000152587891,108.27463131710151,92.66605813127063,3.6076015478449066,2.8794702022072256,77.24689418342149,28.043883451605222,6.827499807164568,0.0,7.845042584801595,48.61035360652159,78.26940058890979,99.99999701976776,77.12082333417368,0.891528511085255,1.0764921407210966,42.09778379855534,3.7853924572154725,69.37520880869269,8946314.285714285,7518465.739736902,0.5082148293597221,-7.7025176275032186
2020-11-13,140.72000122070312,155.61000061035156,140.63999938964844,151.2899932861328,29482800,0,0,76800398.30742529,38.830868605902786,88.0,28.594235925113452,1.2359860876662156,249.4291530234,0.1962539297452706,False,False,False,False,False,False,False,False,False,False,False,False,False,False,False,False,-7.021997451782227,0.9402984067471007,218.3075356024738,176404746.79393587,9.674999237060547,119.15887577883124,129.48240716471847,4.371248730577236,4.572696746331832,82.52718269164849,28.28968444810021,7.839391587236699,0.0,13.56741689998805,68.11867638352616,82.78978502413793,99.99999850988388,89.62928795311414,1.0,1.2435925340815888,48.147950028598075,3.656222906975777,69.31531931876425,13608035.714285715,10299630.39115985,0.624441698277957,-6.342691653951009
2020-11-16,146.27999877929688,149.0500030517578,140.72000122070312,142.02999877929688,12832300,0,0,68004179.45412396,40.60650625683585,88.0,33.64141244327321,1.0070308896166424,181.1979482083697,0.15046411183767797,False,True,False,False,False,False,False,False,False,False,False,False,False,False,False,False,-14.05599670410156,0.8075669280178461,188.67919203595542,134228779.03622067,8.365001678466797,122.72983965547742,151.51790359625386,3.3204981691252784,4.734664213808948,74.43828486084973,28.383526425395885,8.838140176065938,0.0,17.253238670863198,50.90309672186522,73.82361701958311,99.99999925494194,88.65552127912831,0.6120786432986218,1.4148841020367373,48.10730567838198,4.0054819018326935,65.05099464150692,13230440.476190476,2966648.078995665,0.5234100139014259,-19.988226881161122
2020-11-17,132.42999267578125,139.36000061035156,129.4600067138672,132.3699951171875,18008500,0,0,60582458.942907974,40.72395951246562,88.0,38.56097207910875,0.8377496809070252,117.36594756388608,0.09626218314260343,False,False,False,False,False,False,False,False,False,False,False,False,True,False,False,False,-14.580997085571283,0.6682369096259321,147.87001744215152,90201499.75260392,8.365001678466797,123.5034960440263,151.70499502790966,2.3957041228703977,3.89205864791516,67.35073895371585,28.503902901728,9.612487323409061,0.0,19.974909691227232,47.110458078225285,65.81584296294919,99.99999962747097,79.64701294443596,0.26562221122758733,1.5539869921078782,44.447613172435204,5.215933333374203,60.8023796043941,7537280.952380953,-2010252.5491342244,0.374047754635639,-34.728042631580266
2020-11-18,129.8800048828125,134.49000549316406,128.8000030517578,132.3800048828125,19277300,0,0,65562712.435533345,40.749707770209454,84.0,41.80041349074419,0.8038428567860016,97.22110314384295,0.13066985616805896,False,False,False,False,False,False,False,False,False,False,False,False,False,False,False,False,-10.588498687744135,0.6683798042039324,116.73095265104294,77343137.11007234,8.365001678466797,123.95407977992966,141.15237701942982,2.2256904048231427,3.0722238197243854,58.860205087046985,28.455577450275786,10.178213456073864,0.0,22.005980577686287,44.48810403222899,65.81998029236377,99.99999981373549,70.19021522161735,0.2658012128299226,1.6603600114145147,41.95454246831043,6.193963736528411,63.62237166906555,3375611.904761905,-1223369.2487356365,0.28280628937010865,-34.7130848224068
2020-11-19,134.44000244140625,139.8800048828125,132.9600067138672,137.66000366210938,10866900,0,0,69457202.71047828,41.056682099165265,80.0,40.68126680710735,0.832390886120317,101.98021156160233,0.15941541876842885,False,False,False,False,False,False,False,False,False,False,False,False,False,False,False,False,-0.5429981231689425,0.7437545158280795,155.7927028990835,74490863.05645362,8.365001678466797,124.73097156896053,132.01504150667438,2.4020354662783143,2.6389545128550935,62.4511387894279,28.413303198321685,10.623557700108083,0.0,22.594226226749814,40.87188082529873,68.01877611106184,99.99999990686774,67.91193468240924,0.30680620644821205,1.746510967079755,40.87561584247803,6.540696409238229,64.30175611623973,2291992.8571428563,434885.8774573959,0.3669882895364771,-26.823068498785474
2020-11-20,142.00999450683594,147.63999938964844,140.77999877929688,143.5500030517578,11632200,0,0,67218950.47470999,41.71242701501634,76.0,37.74767842012294,0.8627347825933657,113.44240640348266,0.14151393766357087,False,False,False,False,False,False,False,False,False,False,False,False,False,False,False,False,-0.5650005340576172,0.8278373014533207,197.98228804418383,73636975.60557003,6.645000457763672,125.9956997175205,128.94843375017837,2.5480639259072126,2.5036037814807397,65.88968941683126,28.401894834772484,11.013427649735576,0.0,22.273170936510763,30.192273055097772,70.31304521010168,99.99999995343387,73.06622479679278,0.41447475566858283,1.8223238513741329,40.85874342188461,6.644267341059715,62.29937404439118,-348869.0476190485,931130.0759341415,0.45644051017154863,-19.265172288429632
2020-11-23,145.94000244140625,148.94000244140625,140.5800018310547,141.0500030517578,10989100,0,0,57465470.100869685,42.38088094451058,60.0,35.612090121998506,0.8015355699459036,97.54548031274943,0.09689447472206032,True,False,False,False,False,False,False,False,False,False,False,False,False,False,False,False,-1.8115016937255888,0.7862281980895933,174.99418697593086,59192729.0904886,8.630001068115234,127.49150000687442,126.33260950026698,2.131045874339994,2.0209415706558325,60.511433926354826,28.414664473190207,11.28442032157232,0.0,21.274496482968893,24.74573576762323,68.08059361005999,99.99999997671694,76.42101378769625,0.30970726127057285,1.8768728078011172,40.084350621663305,6.886114280662539,53.07772109427092,-3107666.666666666,306320.8922954749,0.39467126656242524,-24.648717849696407
2020-11-24,142.3300018310547,145.14999389648438,141.6199951171875,143.94000244140625,7031600,0,0,59676572.16448113,43.00158816475523,60.0,35.39370610854205,0.8051685827688873,86.64269752769326,0.09558002302825304,False,False,False,False,False,False,False,False,False,True,False,False,False,False,False,False,-12.883001327514648,0.8282308249987198,118.37108137204207,53639670.60731194,20.985000610351562,129.60470133642073,123.38646916605825,2.1426703085291865,1.6852642380977567,60.19325409158127,28.18831305030841,11.471200733080632,0.0,19.37135821426083,25.67886490489137,69.29428369368071,99.99999998835847,78.77663047580417,0.36666494359357577,1.915400994731376,39.86271898109133,7.007456317619649,46.47083544842748,-4078542.8571428563,-47309.30540799213,0.29315516612655235,-19.756218434461665
2020-11-25,140.30999755859375,140.99000549316406,133.1199951171875,135.89999389648438,9415400,0,0,56912955.137090966,42.361641444430845,60.0,34.639675925759704,0.6861493116056129,55.916393492707215,0.07326080044510104,False,False,False,False,False,False,False,False,False,False,False,False,False,False,False,False,-18.228504180908203,0.7054691085898184,40.76600372327842,35162589.59857347,21.62000274658203,129.97051511698007,100.7763015533381,1.432802654898842,0.7579423101348972,55.75692985171521,28.029778978064286,11.468371341735866,1.0,17.229138160004275,28.038434782333677,62.207646326258676,99.99999999417923,74.07595356991827,0.03409368396212261,1.9202884338495312,37.32897518201405,7.516374062499602,47.16076225012756,-4875354.761904763,-381841.104388717,0.11462641203427071,-33.36720300608737
2020-11-27,141.22999572753906,144.7899932861328,140.38999938964844,144.0500030517578,6684300,0,0,61348926.234823644,42.00991474617724,60.0,33.93588007758646,0.7643847123332457,72.16796419953279,0.0933191141040531,False,False,False,False,False,False,False,False,False,False,False,False,False,False,False,False,-12.355001449584961,0.8272564573386637,67.35255240901546,37921806.25543358,18.340003967285156,130.29021505648538,70.7167454760604,1.8080084538723393,0.5398823625758169,56.546225191766055,27.799349882297427,11.416881196823537,0.0,14.62469557511524,39.73228069541834,66.00313689258229,99.99999999708962,75.76886029950408,0.2122135754023599,1.914366722291761,36.446347698556934,7.624412694146613,54.802917898512284,-6486602.3809523815,-125051.12022277224,0.18328486564110835,-19.56999766093896
2020-11-30,141.38999938964844,141.7899932861328,132.0,138.80999755859375,19573300,0,0,69006314.0030021,40.61280756114949,56.0,30.88773262921501,0.6770655365618508,46.62285415089355,0.1319464178162174,False,False,False,False,False,False,False,False,False,False,False,True,False,False,False,False,7.9535064697265625,0.7489539224232381,71.98399013938045,17852376.859036196,18.285003662109375,130.61931895074989,31.169786638665528,1.3063340189540782,-0.07794480803492654,53.079031705545034,27.757918282133755,11.24660579427523,0.0,13.563085506712188,24.537949666941262,61.711819319242345,99.99999999854481,72.87398703653031,0.01082484660905501,1.8866919785019114,34.31656793322051,7.691488798644167,55.453892959259015,-3078042.8571428563,-311142.42021197244,0.16308058589707175,-28.440838223383043
2020-12-01,139.80999755859375,141.63999938964844,134.35000610351562,136.5399932861328,5092400,0,0,66973530.18947347,39.31549374648086,40.00000000000001,27.938114996517413,0.625977221986771,41.90702979138658,0.12001399389296454,False,False,False,False,False,False,False,False,False,False,False,False,False,False,False,False,22.78749351501466,0.6953672877148341,136.70541321136278,13650641.628162444,18.285003662109375,130.7204974530471,6.491937141963376,1.0116960157056776,-0.7242346166569522,53.62510484396403,27.74607008326303,10.957555066582318,0.0,11.563193507940497,1.7360751476848562,59.89506283390095,49.999999999272404,72.45978316722089,0.0,1.8376019461215594,32.046367917782526,7.66953788869195,52.104390517770305,-4187364.2857142854,-795281.7922170493,0.2791269314307583,-34.609814614015626
2020-12-02,132.1699981689453,144.94000244140625,129.19000244140625,144.05999755859375,9966400,0,0,75826218.35911633,37.47963993117005,40.0,25.132204728968006,0.7263987469193786,46.71608037710694,0.1420540667770795,False,False,False,False,False,False,False,False,True,False,False,False,False,False,False,False,11.210499191284185,0.8044692210694249,79.75216085864544,22407317.192861333,17.51000213623047,131.31894923393892,-1.4411585943562386,1.3023905615512938,-0.7280585243794082,53.77645203936711,27.91700345207783,10.672108616809691,0.0,9.694759402950385,-4.778898835605779,63.706853855965456,50.000000116819415,65.5215729842957,0.16649212820280349,1.7867650021052692,31.299088419126843,7.742083725479604,58.219095481848385,-2951052.3809523806,465626.51648621116,0.1884040542659513,-40.384628209714464
2020-12-03,144.8000030517578,148.4199981689453,142.50999450683594,145.16000366210938,6314100,0,0,75174525.27591339,36.0822326975752,40.0,24.928762884701,0.7227316632157025,75.38298244394615,0.09894949074142508,False,False,False,False,False,False,False,False,False,False,False,False,False,False,False,False,-0.194504547119152,0.8230912984216956,71.56419126903768,20198493.09933943,17.425003051757812,132.00079834393395,-13.909741817320537,1.2684228504312374,-0.7370466886969798,47.54721892729008,28.016790977311604,10.390194335327092,0.0,7.441184621554373,2.203763225877566,64.24223527690204,62.50000023418487,62.00919057454291,0.18987661902509806,1.734845487419919,30.863213239755527,7.81744955265894,59.78315016739869,-5530457.142857144,597117.0499774748,0.16389830288181917,-38.977985452641406
2020-12-04,147.3300018310547,150.9499969482422,143.52999877929688,146.36000061035156,5729600,0,0,73815486.59466793,35.00468411476407,40.0,24.016557356890516,0.7214138958727604,81.51519219041197,0.1006257801928808,False,False,False,False,False,False,False,False,False,False,False,False,False,False,False,False,-1.8489948272705021,0.843406127513312,31.82214704558348,18295208.73009786,17.919998168945312,132.47356992563292,-35.611425739587844,1.2353916049820333,-0.7407394739679294,38.80223348255122,27.96574384466311,10.113395804385984,2.0,4.912933734114394,10.568864553314121,64.85137476184423,75.00000032216323,66.63834984365168,0.35583821995237025,1.6826244337183014,30.682569202728434,7.81744955265894,56.451088555436506,-3621400.0,95577.88077975417,0.0032307996244100856,-20.722336806689345
2020-12-07,146.6699981689453,150.94000244140625,146.10000610351562,146.7899932861328,6352500,0,0,69274204.31946726,34.00410328786801,36.0,24.466705860811132,0.7077913438287641,84.92788834360248,0.07637652593786602,False,False,False,False,False,False,False,False,False,True,False,False,True,False,False,False,1.8180042266845646,0.850685502458339,53.811184271996645,16071825.836212508,17.919998168945312,132.65998021410775,-66.20594825986905,1.1647900826435236,-0.7883712150357685,45.12734726570374,27.770617513923437,9.83429349582183,0.0,2.395560792360218,10.885320948640656,65.0809234101465,84.37500038080023,73.8395392191783,0.49777974169857897,1.6293891036923314,30.597165505299955,7.644383440667574,58.129712647012845,-4363190.476190477,66028.0732027133,0.0779895872003965,-18.78106008313459
2020-12-08,149.91000366210938,161.5,149.13999938964844,157.49000549316406,9912900,0,0,72754956.65217304,33.9425771671241,96.0,25.96038178836598,0.8944716574730887,141.80138458764677,0.12000899725597111,False,False,False,False,False,False,False,False,False,False,False,False,False,False,False,False,5.140503311157232,0.9382697881257446,155.50525604958648,28928443.71776502,20.25,134.50712376489875,-72.78046859097924,1.6238987066614543,-0.20384059646728758,55.021859656544834,27.699472719596002,9.664397901914983,0.0,0.6021505060198011,14.405056881828962,70.28200636145492,90.6250004174423,82.7445406074977,0.9970206468463927,1.5925180570207198,32.072838203405745,6.874994897200233,58.89469997348038,-2585333.333333333,741247.424514874,0.3347659098029956,-12.262981287683264
2020-12-09,161.9600067138672,163.10000610351562,145.77000427246094,147.57000732421875,11109300,0,0,63953420.27480113,33.40816712459242,76.0,27.577470510146185,0.6902266832016667,110.93850615388028,0.06630210398471958,True,False,False,False,False,False,False,False,False,False,False,False,False,False,False,False,0.4165027618408317,0.7518773319232546,151.47370280288217,9052346.664046567,18.09000015258789,134.64996830430363,-77.34387181058105,0.8865687227195201,-0.5691812149539714,57.52810928995665,27.707263900618514,9.435349733290517,0.0,-0.4454908971618306,2.800420889584726,61.18336784589262,45.31250020872115,74.38608912712124,0.12366166167978218,1.5470042086637306,30.529689275012593,6.240213043066104,50.33443532228432,-208671.4285714291,22830.506857625325,0.3337531997381752,-45.797691247818726
2020-12-10,147.00999450683594,155.91000366210938,146.0,154.33999633789062,6339500,0,0,68284230.51620093,32.91192922795586,76.0,26.85444217008701,0.9292644677571225,113.24522757364824,0.05185618500542287,False,False,False,False,False,False,False,False,False,False,False,False,False,False,False,False,1.1625022888183594,0.757273239050742,90.89730004777451,13890346.476636037,16.325000762939453,136.11572502235998,-68.50122447417868,1.1499335539449085,-0.4443176935813664,51.006003193181776,27.582389629923572,9.23352053682904,0.0,-1.7719842136187376,9.422185748734863,64.55576647918355,47.65625020246934,72.03540462363439,0.4473710433538169,1.5057738707879376,30.290658872815442,5.781737311125923,54.655017710293194,110380.9523809515,-408920.0415242069,0.20770226698992733,-25.83311359359518
2020-12-11,148.8000030517578,150.1199951171875,141.4600067138672,147.64999389648438,8227500,0,0,71818436.6924948,31.794354498499384,76.0,24.827531006756956,0.6612509327282872,39.90980160214317,0.03328925360460386,False,True,False,False,False,False,False,False,False,False,False,True,False,False,False,False,-7.549505615234381,0.5495623664021958,19.25019938649223,4042869.1104494724,16.325000762939453,136.24613722291645,-77.57218684249227,0.741997121433046,-0.8767217860637508,42.90622168376683,27.446712829529222,8.962974099504533,0.0,-2.889419763749121,2.577456851571441,59.09222331271386,23.82812510123467,60.93579429840637,0.0,1.4546250095100621,28.334597432816626,5.8606629447650525,48.787229036249975,-208226.1904761903,-65794.40439407423,0.031512783995872984,-45.5618122633673
2020-12-14,144.67999267578125,146.97000122070312,140.4199981689453,142.1199951171875,7699900,0,0,68115422.31173344,30.609007868665262,76.0,22.20003004635082,0.4652277542062584,1.1349983046258736,-0.04277154463417236,False,False,False,False,False,False,False,False,False,False,False,False,False,False,False,False,1.0590034484863224,0.38833792653983634,3.531968201071668,-2617603.276858738,16.325000762939453,136.30815049578615,-86.94196154199318,0.44225728843030393,-1.5597161357721312,44.087741145352936,27.282987091556887,8.582159252137632,0.0,-3.9084517189022705,4.576895879363267,54.95215499570182,11.914062550617334,55.57846448570863,0.0,1.3873254870073288,25.381742158565096,6.154535338059826,47.79439161896232,-1109750.0,-645015.8692540815,-0.0062533292578884625,-61.869680685911966
2020-12-15,143.13999938964844,143.27999877929688,138.57000732421875,142.02999877929688,5219500,0,0,70564482.04141589,29.23963328921503,76.0,17.800442347807035,0.4616349199193318,-22.719702045826907,0.01310004997534778,False,False,False,False,False,False,False,False,False,False,False,True,False,False,False,False,-4.18100204467774,0.38571412683478024,-9.391741341458436,-2310765.078110364,21.015003204345703,136.40589168426058,-88.72936364858543,0.4435435251643861,-2.0132487560188768,38.84561042378295,27.043734796850337,8.131877599648828,0.0,-5.272496000369994,-1.4022938074740205,54.88476220359707,5.957031275308667,43.47780958629244,0.0,1.3097631858525933,23.02826813432526,6.563196691088697,49.06282369039558,-1353647.6190476185,-291692.8753999306,-0.026191526534177778,-62.13507829184377
2020-12-16,143.27000427246094,146.1999969482422,141.0,145.47000122070312,4248500,0,0,73620140.24580748,28.300727421944096,72.0,14.032411665074989,0.5788398993187724,11.261716377378256,0.07176091715588816,False,False,False,False,False,False,False,False,False,False,False,False,False,False,False,False,-7.106006622314453,0.48600573427911126,51.78764838807785,107179.98623603838,21.015003204345703,136.4683730276467,-91.22943802157323,0.6248301120861235,-2.069319403743778,44.2124796437251,26.722465003105885,7.681325835909618,0.0,-7.00518772790038,4.797927944129593,57.052872821155965,2.9785156376543336,41.33488966065297,0.14081160208480678,1.23193133589557,21.68260608024532,6.312281695099496,53.03779357013126,-2310916.666666667,99594.5368212457,0.09759915227925631,-51.99057204028572
2020-12-17,146.69000244140625,150.27000427246094,146.5,149.9499969482422,5915300,0,0,78531229.54038273,27.86735335220385,56.0,11.925470441930457,0.754867706601942,74.04709670887232,0.07704670684118352,False,False,False,False,False,False,False,False,False,False,False,False,False,False,False,False,-0.4645019531249943,0.6122085598602546,47.546048121476474,3877656.9492182923,19.03000259399414,136.67260375887352,-86.35517737228008,0.8568780369005631,-1.8022429317954245,43.95267182962921,26.23322029073861,7.28588844604893,0.0,-8.564510481164984,9.821300953199412,59.76474067251487,1.4892578188271668,49.03173521796544,0.3169384351437555,1.1619109219000905,21.322930021769235,6.312395751804258,51.712609441168425,-2850854.761904761,285071.4519733957,0.08451901012069851,-38.779144013974545
2020-12-18,150.64999389648438,153.41000366210938,147.8300018310547,149.3699951171875,4916200,0,0,76328618.25325781,27.7832320728736,56.0,11.176176699470062,0.705732363843428,84.5112293081768,0.04231962001964363,False,False,False,False,False,False,False,False,False,False,False,False,False,False,False,False,0.050004577636713066,0.5951044086241173,86.01212311428549,2916362.3847826715,5.780002593994141,136.80415561603493,-84.77276663009445,0.7799557352665096,-1.6654342425331095,55.14696392476538,25.748153199255174,6.922093836936795,0.0,-10.14868288554772,3.6859625493426833,59.24317478813912,0.7446289094135834,56.246908269383944,0.283064458799127,1.0967694288623062,20.883943723447132,6.0732730496002585,57.71042536681217,-1905019.0476190476,163156.0033416752,0.21730341493872207,-40.48955913758827
2020-12-21,146.27999877929688,151.1300048828125,145.02000427246094,146.8699951171875,4299900,0,0,74632572.53758071,27.231534301594603,56.0,10.376295224358046,0.5769724012542724,39.624310527663816,0.04781834335805034,False,False,False,False,False,False,False,False,False,False,False,False,True,False,False,False,1.0840019226074276,0.5213798515609321,48.93315067198471,964060.6155280042,4.885002136230469,136.8472961442182,-80.66076302172775,0.6085143575294935,-1.7361805494636648,55.40043926913669,25.22581835315474,6.553710849443327,0.0,-11.816467879411787,1.1780045549313238,56.93668445812737,0.3723144547067917,57.62309400151025,0.13326555281537938,1.0316460204605442,19.879281083809524,5.774355251836966,52.4679195086648,-1831278.5714285718,-90982.9704893697,0.1598300311896257,-47.86201484390679
2020-12-22,147.3000030517578,147.3699951171875,138.80999755859375,139.02000427246094,6034000,0,0,68894642.83498459,25.76941756554545,56.0,9.442970522712244,0.20848050662259293,-52.394500098413374,0.07615280392608374,True,False,False,False,False,False,False,False,False,False,False,False,False,False,False,False,1.615494537353527,0.2898850123699223,8.917575666725696,-5940354.437701722,1.2900009155273438,137.03887772434575,-87.14018968708677,0.10943617684056851,-2.2707764791782985,47.400351726318384,24.898895847295552,6.100711456194553,1.0,-13.0494847497848,-5.0150289063141,50.31289598577951,0.18615722735339585,37.8276340168162,0.0,0.9555810208912073,17.03437827861848,6.444855401544356,44.241200699726775,-1510826.1904761903,-394475.921026039,0.09940084177022113,-98.16552396805669
2020-12-23,142.0,142.13999938964844,136.75,140.25,5728500,0,0,70605754.06703994,24.12148876727474,52.00000000000001,7.629911961275013,0.2797953331060293,-77.38502553580471,0.07345917033021324,False,False,False,False,False,False,False,False,False,False,False,True,False,False,False,False,12.500006866455067,0.3261573684508933,-71.73966638624837,-4085156.585857545,-0.8700027465820312,137.13956262068868,-88.45792026763766,0.2044472331646381,-2.4834408747153507,41.03762674780024,24.60496607131433,5.6181236935494105,0.0,-13.994916341098124,-4.455339999494804,51.26950450601542,0.09307861367669792,22.418396853047756,0.047904413478587704,0.8758706804580303,14.948555268298916,6.994487379510834,47.716365574407355,-1198230.9523809524,-271825.0832414284,-0.11022936490320978,-86.7172706288936
2020-12-24,137.58999633789062,156.97999572753906,137.0,152.75,13847700,0,0,78590018.19497856,24.175660239936523,32.0,6.369440549962661,0.832028307870071,53.74265066703597,0.14148475378700917,False,False,False,False,False,False,False,False,True,False,False,False,False,False,False,False,1.7375083923339787,0.6947801537668191,-10.400123900146756,21226472.926407818,0.9149932861328125,137.2545994950433,-84.40070539042154,0.9268775646423781,-1.7582909944693101,45.908341951802235,24.728977980517172,5.2675210244549655,0.0,-12.851157564563033,-3.0097182855008566,59.7504243615528,0.04653930683834896,25.27941798555978,0.4726063504195584,0.8141546063540573,15.596180349089876,7.040588226176169,54.35103725273448,1404504.7619047621,1284881.4338921017,-0.008645808947410849,-39.278951446370726
2020-12-28,154.24000549316406,154.27999877929688,143.10000610351562,143.8000030517578,7478500,0,0,72047999.5200101,24.225962321693892,32.0,4.950352253633412,0.40312845242154605,21.645388585290682,0.06947202070826332,False,False,True,False,False,False,False,False,False,False,False,False,False,False,False,False,8.51999740600587,0.43084632947641344,0.7868880424916996,8632326.48300253,0.7199935913085938,137.33919294538717,-84.38914644675697,0.3914763082776335,-1.8482320429107553,39.121678896636865,24.895130117232654,4.907036371225823,0.0,-11.831699125696568,-2.5547225624093435,52.68086153802874,0.02326965341917448,33.58633384176661,0.11858142439503344,0.752124888964672,13.869996361589152,7.413982640119721,46.94358178529336,1805576.1904761912,796014.2133198226,-0.0019466183332605969,-73.2447763994362
2020-12-29,147.89999389648438,168.77000427246094,147.49000549316406,166.19000244140625,25217300,0,0,91150573.5889586,25.37362717817797,88.0,5.522381636675647,1.2194718194465237,215.69902930916598,0.13870547409140951,False,False,False,False,False,False,False,False,False,False,False,False,False,False,False,False,0.4609947204589844,0.9348155201693193,-2.8742217223401503,88058470.07237096,3.779998779296875,139.78140078970884,-68.92198606440584,1.5284733131226258,-0.4400835911153109,47.87895354727322,25.25428106149103,4.791685188524388,2.0,-7.706588496268647,7.677858225143962,64.11853330039497,12.952094018150573,59.80626780863028,0.9693016110066395,0.7237256093080316,16.55421695188363,7.413982640119721,55.09277442796851,7208671.428571428,3488209.3956547584,0.034902351899381734,-8.057468728302572
2020-12-30,163.33999633789062,179.3699951171875,163.3000030517578,179.11000061035156,23332000,0,0,113727602.23504663,27.03276714661063,92.0,9.101529244815595,1.311023138943994,314.6600157078647,0.26282707622655427,False,False,False,False,False,False,False,False,False,False,False,False,False,False,False,False,-7.197504425048834,0.9948187615626851,71.95102456609105,118542888.2445797,3.779998779296875,144.74032000527865,-53.028952518799514,2.047203833163298,1.2298705531822058,62.64373765873554,25.58221620521193,4.955667291724577,0.0,-2.6966833202661586,21.307150703929874,68.80437436349487,56.47604700907529,72.69590848579334,1.0,0.735565208259751,20.601883571076883,7.220332981964795,63.5598699473752,9497054.761904761,5740277.108821325,0.23286799918445678,-0.6100294148815815
2020-12-31,180.4199981689453,182.67999267578125,173.72000122070312,177.6699981689453,12490000,0,0,112249992.62200035,28.737515328395858,92.0,14.75767591139848,1.1078774936625961,263.66966255066876,0.20189140932364522,False,False,False,False,False,False,False,False,False,False,False,False,False,False,False,False,-8.968000793457037,0.8909210688927958,145.98502618712504,99038814.13918775,3.779998779296875,148.18844877384328,-36.60001848481335,1.9249092984852532,2.0571528626676887,69.45378317718959,25.864738904145398,5.250369053182274,0.0,1.0441656449124666,25.01407562141023,67.74252188089034,78.23802350453764,93.47486958203194,0.9425761174463905,0.7692698544328538,23.230892410034944,7.203723067934441,62.829174550812944,10728233.333333332,1713467.3917932964,0.3805253735910369,-10.907893110720423
2021-01-04,176.75,176.75,166.17999267578125,166.77999877929688,10987200,0,0,102510168.68491791,29.255294981416377,80.0,18.510764043471397,0.8224563776248114,150.48837546773171,0.1476917376103651,False,False,False,False,False,False,False,False,False,False,False,False,False,False,False,False,-6.608998107910168,0.6538211096892164,138.5367267079128,67797469.0773116,3.779998779296875,148.85427831409862,-34.56626069763823,1.2675513778587966,1.7051318898626935,67.33713373967372,26.052587673311137,5.483807915926402,0.0,3.5960919306099632,17.425896087248088,60.178716159705836,89.11901175226882,84.62139614777335,0.5335333374867378,0.7982738875105689,22.711019128257245,7.245012885106228,60.657983304688784,5787745.238095237,-773859.5877118183,0.36190542203461973,-34.61788903107837
2021-01-05,172.35000610351562,187.4499969482422,171.1300048828125,187.1999969482422,16165800,0,0,118180692.7088271,30.336054902985868,92.0,23.714146064309517,1.1067330882928714,190.70144291740985,0.22690646635242667,False,False,False,False,False,False,False,False,False,False,False,False,False,False,False,False,-4.171002197265636,0.9950690332337649,207.69227073812843,105270060.12334368,3.779998779296875,152.07589702016642,-16.607596017173165,2.1522158030849075,2.6266445455372214,74.56319208855065,26.329589043854863,5.854536773511394,0.0,5.927639801986345,28.68632390002352,67.50533496435574,94.55950587613441,84.66037372719272,0.9297492946424097,0.8497156574195525,25.100380715455508,6.759215578985364,66.95844590837727,2794304.761904763,1305844.8232513433,0.4593610411764969,-0.49309667662350365
2021-01-06,184.24000549316406,187.6999969482422,176.02999877929688,176.75,11873100,0,0,107772656.60511439,31.352689858245718,92.0,27.37349772733802,0.86766681325578,145.50477769566635,0.1914940031896082,False,True,False,False,False,False,False,False,False,False,False,False,False,False,False,False,-6.249004364013672,0.7850834621370871,243.6247607534655,72506643.13912682,3.779998779296875,153.37573990445134,-7.216790132688317,1.5246322230074125,2.322038566282064,70.37761323607481,26.471047814329214,6.169387392410979,0.0,7.429897764785981,17.872626606993723,61.29053831834632,97.2797529380672,81.13245350200242,0.5936595283693649,0.8965045663794038,24.626889487814925,6.405443678044636,60.35653248266879,2113414.2857142854,1316500.0193435224,0.5060075732546433,-21.491653786291288
2021-01-07,184.3699951171875,184.77000427246094,176.5,180.1199951171875,8604200,0,0,106701019.09508178,32.296708030987006,32.0,27.873939559038945,0.8811080549474455,123.0600627789619,0.16995643925697512,False,False,False,False,False,False,False,False,False,False,False,False,False,False,False,False,-9.880503845214832,0.8512266479867532,211.79397018317897,66290852.9745808,3.904998779296875,155.80212822354298,3.4612303327490963,1.6492534629702493,2.1415603412899618,71.45238498410369,26.52635964229323,6.448165867721373,0.0,7.89243610029415,20.586463818168593,62.48985897644834,98.6398764690336,87.7126381119203,0.6585175474852055,0.9404338684364685,24.69267186569674,6.155536765450405,62.63198663033615,1007959.5238095224,-498736.16491992073,0.44880885423725536,-14.877335201324685
2021-01-08,182.6999969482422,186.6699981689453,174.3699951171875,180.77000427246094,8818800,0,0,107059517.75119218,32.84809589633724,31.999999999999993,26.90043972239775,0.848764906678864,106.07177051191131,0.21832128841172233,False,False,False,False,False,False,False,False,False,False,False,False,False,False,False,False,-19.390494537353504,0.863984433937825,188.8651486761962,57639631.226572886,6.9550018310546875,158.03679639557686,14.521665867775283,1.6395663595655194,1.8698797557788804,72.21581029620471,26.40845358270475,6.6781572323830565,0.0,7.676178660557181,23.081643822636906,62.72971782738003,99.3199382345168,83.3431514687223,0.671488865734197,0.9789026813680346,24.821259488765985,6.0906583446391,57.18231209259169,-1648433.333333334,195876.4524468758,0.37540885448372263,-13.6015566062175
2021-01-11,170.94000244140625,174.88999938964844,162.2100067138672,172.49000549316406,9355200,0,0,112873324.08094588,31.73781524512964,32.0,25.37244114595299,0.702232280023902,50.42355366275551,0.2224348685828927,False,False,False,False,False,False,False,False,False,False,False,True,False,False,False,False,-19.06799926757813,0.7014721812342939,54.85908356134636,38339534.6827656,5.370002746582031,158.52435281212104,13.803019092833352,1.1741986226483347,0.9811231643425202,67.2914632297996,26.391177586375964,6.770347988892283,0.0,7.095084770716626,24.075672703265294,57.67079052120416,99.1496865434502,80.55610877196254,0.39790731628531495,0.998253457115271,23.27953489948613,6.293472179347639,53.05423265810121,-2804804.761904763,-396681.1731521921,0.1947008633254571,-29.852781876570614
2021-01-12,169.4600067138672,172.83999633789062,168.0,169.47999572753906,5957900,0,0,110559090.69948217,30.70684035472258,32.0,22.827558270622717,0.6400116116846971,46.306738420530934,0.195472787443267,False,False,False,False,False,False,False,False,False,False,False,False,True,False,False,False,-7.659499359130848,0.642394459037711,91.54101251056909,30300552.987710923,12.730003356933594,159.10055521458918,17.014158491235435,0.9773237543002076,0.08626758530966683,70.01607307319561,26.297492818052124,6.727303032640481,0.0,5.783881599378541,20.841351677389707,55.905713682786406,96.41877123873607,73.59503580699446,0.3024537888623858,0.9978390339200662,21.491618994880422,6.539106089480982,52.87575299724018,-3805333.333333333,-532473.4713863673,0.24432777729022026,-35.76055409622891
2021-01-13,173.2100067138672,173.2100067138672,160.17999267578125,164.8000030517578,10894500,0,0,107390246.69554745,28.845218173365726,32.0,19.148411649816182,0.5519847952206501,23.693638682233985,0.19502445517701741,True,False,False,False,False,False,False,False,False,False,False,False,False,False,False,False,-17.743496704101574,0.5505398377207471,110.23176464879671,18688162.53142382,11.714996337890625,159.1330548736321,9.425862777810295,0.6802362034572528,-0.8722719420786156,67.69714587304946,26.3258311997069,6.542323067134282,1.0,4.808979580804006,7.888709035520663,53.180371545932346,82.6366677375429,63.146882599758534,0.10897526217463471,0.9760997990724971,19.180239117766686,6.569842740238487,54.824978373313165,-3460611.904761905,-404806.3266041513,0.25194796311278334,-44.94601622792529
2021-01-14,170.60000610351562,172.35000610351562,164.38999938964844,167.25999450683594,6321200,0,0,105627287.3571189,27.116569004962933,32.0,15.960558588364563,0.5740419419671209,28.108631934966834,0.17316179858391556,False,False,False,False,False,False,False,False,False,False,False,False,False,False,False,False,3.3850028991699332,0.5988223029302567,149.79511154524863,18239867.596340396,11.714996337890625,159.37686557251533,0.40646785812649,0.7310697545417149,-1.3628339174707005,70.7415768742454,26.20757236385566,6.2866579468451,0.0,3.3663898292724683,16.31431916356371,54.43768545912157,41.31833386877145,59.659280193237116,0.108960369871634,0.94267102329996,17.652852553474002,6.53511241778135,46.418275971785405,-4514280.952380952,-206481.5389041893,0.30455386698046993,-40.31558909613489
2021-01-15,162.9499969482422,164.72999572753906,157.8000030517578,161.1999969482422,7262300,0,0,105491048.4742484,25.561137217588243,32.0,11.397500341078796,0.45881622711411163,-10.946426157487808,0.15508987963208157,False,False,False,False,False,False,False,False,False,False,False,False,False,False,False,False,15.518501281738281,0.4798822063341798,23.608625879211395,9347097.901180997,10.525001525878906,159.45396871141696,-14.454021661290085,0.40234083098360035,-2.0749801805719184,65.65985596784569,25.89624802887661,5.928249020627787,0.0,1.8259755168407044,-3.002590661206226,50.81733060480527,20.659166934385723,51.77378070678305,0.0,0.8932583189812213,15.279121966810678,7.472571545715816,48.116505632787174,-3609095.238095238,-168763.03264650336,0.1591149987022843,-59.4170525555911
2021-01-19,166.88999938964844,173.0,166.5500030517578,168.7899932861328,7144400,0,0,103308941.12613256,24.21331633531051,32.0,10.842941059785744,0.5748881181442628,29.37566751698154,0.11985617664963709,False,False,False,False,False,False,False,False,False,False,False,False,True,True,False,False,13.136499023437494,0.6288517213981544,60.33323217473803,15758365.320501681,10.525001525878906,159.51764872682983,-20.08813176023054,0.7100590299219982,-2.0128392773746597,69.6826927055748,25.607566755480846,5.583279090236298,0.0,0.26534914892111483,-5.761826413405926,54.86597261591935,10.329583467192862,51.07974559497267,0.22508657150278868,0.8437538173403166,14.416735508701093,7.572999365462973,51.077692838006975,-4835264.285714285,73268.97582320694,0.21399601703662208,-47.028121563356436
2021-01-20,175.47999572753906,181.6999969482422,170.11000061035156,170.9600067138672,6588100,0,0,97687178.82759735,23.7254103759986,31.999999999999996,10.792588177849268,0.5966447336000817,52.476818653634346,0.10248799943157336,False,False,False,False,False,False,False,False,False,False,False,False,False,False,False,False,1.1669990539550668,0.6714427627663961,80.46179610254019,15549493.912323847,10.010002136230469,160.32260103903133,-24.48538354939751,0.7482666004394213,-1.8099506869944388,66.2093814487246,25.444223588025,5.272623828680687,0.0,-1.3411502136351536,-3.7766598324032374,55.981644860826144,5.164791733596431,45.856075013276346,0.2871130089693575,0.7974785327254035,14.0268242074156,7.9199734654273275,45.19343466930298,-3415640.4761904767,421087.93424540764,0.18995161676942585,-55.98660084122385
2021-01-21,170.25,174.0800018310547,167.5,172.80999755859375,4287100,0,0,100319374.93660723,22.97306405035913,32.00000000000001,10.647029652315041,0.6116092562621007,31.46802457399946,0.12326442526398625,False,False,False,False,False,False,False,False,False,False,False,False,False,False,False,False,20.289997100830078,0.7077526931988922,-40.57873166887972,14461151.317767192,10.010002136230469,160.51352671693692,-26.208455347237077,0.7776769831754007,-1.5457777780743625,57.784971901689936,25.323556707627763,5.005004841279816,0.0,-3.3482796732416515,3.615540726365208,56.95845956487399,2.5823958667982154,49.06197945582132,0.36283956026813147,0.7560993690204708,13.973833932486567,8.182093497437666,44.56043170934003,-3047023.8095238106,131090.06373302639,-0.029842337734827695,-49.799339227956146
2021-01-22,172.60000610351562,172.8000030517578,168.5,171.88999938964844,4300000,0,0,102799368.904067,22.274456747979624,32.0,10.11523531745462,0.5719762936867349,22.777994964163465,0.16406534053127703,False,True,False,False,False,False,False,False,False,False,False,True,False,False,False,False,8.19650039672851,0.6896958095080081,-76.75562507858407,11830130.825734043,7.525001525878906,160.9508848922342,-31.819925216167235,0.6728372200991674,-1.4302925133968385,51.154173525727025,25.22658303552494,4.757935002516215,0.0,-5.551772323396513,-8.178417632574385,56.28948786921955,1.2911979333991077,47.112601040591926,0.32790962577155536,0.7170349943888159,13.75171869301513,8.466291533644673,46.60590264227266,-3410157.1428571437,23499.378400400998,-0.12180697361772108,-52.876256809044634
2021-01-25,181.4499969482422,195.11000061035156,179.5,180.42999267578125,12622100,0,0,91681235.60413161,23.246429773689453,32.0,14.092647148581108,0.7501324838448582,133.78238957488327,0.09869228816221448,False,False,False,False,False,True,False,False,False,False,False,False,True,False,False,False,9.557495880126964,0.7473755329481918,116.65032899863643,25539062.03018589,10.525001525878906,161.04365165903826,-33.84037803554756,0.9419970537969428,-0.8070812316223996,61.11675019405715,25.333971942797817,4.60568165277468,2.0,-6.094089970358938,2.0820326312765207,60.88229420905506,1.1528917952806323,52.65945342931125,0.6031256576517885,0.6904818628632503,14.841932786245787,8.320293832564314,46.41162363595328,-1515602.3809523815,604210.3568207368,0.08841646260795333,-39.346043675065886
2021-01-26,181.60000610351562,182.07000732421875,172.5800018310547,173.97999572753906,6541300,0,0,87069919.75043581,23.36961171501866,32.0,14.717794620289538,0.5655021019904802,45.74058545640683,0.041116468381443325,False,False,False,False,False,False,False,False,False,False,False,False,False,False,False,False,9.146005249023432,0.5937318378290681,-43.19571993874666,15863286.73479696,10.525001525878906,161.13718913339,-31.981471719210077,0.601783101563276,-0.8530935398423329,51.51489784868538,25.49815570253803,4.449117306499162,0.0,-6.7442159988084605,-3.4088383056271487,56.08877108900768,0.5764458976403162,50.38135747691336,0.44251755636457835,0.663761591377979,14.432799688079026,8.380635766368128,42.26183608172222,-76738.09523809515,393264.63606316096,-0.13581604860674634,-56.633627085149854
2021-01-27,169.9600067138672,173.1999969482422,165.8800048828125,166.3000030517578,5235800,0,0,82434947.2904954,22.79435655547622,32.0,12.82655985215132,0.2521086883064761,-53.29059306523474,0.05091683494659172,False,False,False,False,False,False,False,False,False,False,False,False,False,False,False,False,-0.2589935302734432,0.39500208919182883,-139.01639874470658,7852687.822418042,10.525001525878906,161.19311483629386,-35.94535379680113,0.19132673940584555,-1.3927012691235738,55.11458283050752,25.624435569266364,4.216105612836053,0.0,-7.691520093521403,-8.00464727482862,50.9453256240295,0.2882229488201581,42.267475561125,0.010744699348059357,0.6272212283609638,12.554304990549314,8.519739663214336,40.44228971362768,709288.0952380951,-464961.5997978214,-0.2764038832971364,-77.21790255640967
2021-01-28,169.25999450683594,174.6999969482422,164.63999938964844,169.36000061035156,5277600,0,0,82109690.13099703,22.370802377359976,32.0,12.180500524184282,0.36098093102257905,-48.65676859389095,-0.049119592662128106,False,False,False,False,False,False,False,False,False,True,False,False,False,False,False,False,-3.4275032043456974,0.30983645979711655,-128.80198303191327,9037938.57853466,10.525001525878906,161.31709853996625,-35.23522381668087,0.3045688563030679,-1.5248225828760589,53.410905689367645,25.7578336774682,3.966523278671118,0.0,-8.779027012821132,-1.8146007206988841,52.802456735362995,0.14411147441007904,32.377372112717524,0.1666438551288678,0.5884008138744566,11.516937829051885,8.626121167257883,38.71754886476343,-1501264.2857142854,-134013.4309675243,-0.25534015089823603,-69.01635402028835
2021-01-29,169.60000610351562,175.35000610351562,165.14999389648438,165.7100067138672,4841800,0,0,77799550.29064566,22.027748695650974,28.0,11.63535331277285,0.24488272018254578,-54.5771004682476,-0.21699824329039216,True,False,False,False,False,False,False,False,False,False,False,False,False,False,False,False,-7.437496185302734,0.2120076167168613,-118.92863565848458,5222155.86045856,13.944999694824219,161.3480746763762,-41.8128079485266,0.12493417026117656,-1.8193538879051214,46.29323268453897,25.83953909909463,3.676346813742263,0.0,-10.000693474776147,-2.224444836388017,50.3536803498371,0.07205573720503952,24.988835031662855,0.0,0.5441685318474524,9.939973893939282,8.849935655760705,36.947941257037975,-1783692.8571428573,-7238.663490434148,-0.24966779799847538,-78.79923832831386
2021-02-01,173.52999877929688,179.5,169.4499969482422,173.9600067138672,5081900,0,0,77278727.23955682,22.03291939274171,20.000000000000004,8.37758833941291,0.5758443070363373,19.399784073802564,-0.22111279115203708,False,False,False,False,False,False,False,False,False,False,False,False,False,False,False,False,-4.792005157470697,0.433127974257591,56.63893199177034,10465515.737535909,13.944999694824219,161.94576802924155,-40.19332109001596,0.5569432266869406,-1.4366643259163752,53.93479904576214,25.94999712948293,3.445168069936509,0.0,-11.193476798981791,5.558254546410745,55.389587684730344,0.03602786860251976,31.832401692385773,0.4783067744937983,0.5073335889098944,10.017978812292547,8.650395971154373,37.38449119813936,-1529757.1428571427,148657.33288407396,-0.03560903709670349,-56.68720257424091
2021-02-02,180.75999450683594,185.1999969482422,177.0,182.0,5962600,0,0,78587593.36038043,22.456193999993918,20.0,8.094057778751136,0.8521660263880133,99.32342201271969,-0.15621814720236687,False,False,False,False,False,False,False,False,False,False,False,False,False,False,False,False,-11.61300277709961,0.6486196336581671,110.8663188885658,15818908.341872996,13.819999694824219,162.93133570936854,-34.326459809344016,0.9427392148006625,-0.6596947528921593,54.1319489980709,25.735432008629008,3.329829291597398,0.0,-12.090186915420656,8.812630621341816,59.681773474781586,20.34558900979394,43.12517415442078,0.8859754237047642,0.4857114114907364,11.398940757983954,8.272196525410383,39.8236935313315,-1301759.5238095243,528582.6475087558,0.02839297933279128,-35.13803663418329
2021-02-03,183.69000244140625,198.8800048828125,183.5,193.11000061035156,8876600,0,0,80803854.78244355,23.68669731095243,48.0,11.02714623843923,1.1888363197937,202.36658786259235,-0.2562751792218774,False,False,False,False,False,False,False,False,False,False,False,False,False,False,False,False,-4.318506622314459,0.8595422586349774,267.56323436596216,27647497.352726378,10.769996643066406,165.4429986773433,-25.386768541346285,1.4951444662289035,0.521096136795772,65.26357518299517,25.63518938130843,3.3859740484167578,0.0,-12.049244640423499,19.795288006335994,64.73154562206776,60.17279450489697,64.70966221835798,1.0,0.48743429576031316,14.265698428126102,7.6290268632747695,44.534885269176364,187309.52380952425,817439.1615500937,0.20480767274514222,-14.045774136502269
2021-02-04,199.33999633789062,204.77999877929688,194.17999267578125,197.25999450683594,6884100,0,0,77920326.17798856,25.132086396278517,52.0,15.266940083223233,1.1458041667025824,226.4117905264876,-0.2119328429592022,False,False,False,False,False,False,False,False,False,False,False,False,False,False,False,False,-3.1739929199218864,0.8399317804098307,343.67406855656134,27779136.72844948,8.574996948242188,168.35547537562712,-12.263406885543787,1.6685949073109316,1.447736342710762,65.92334350403362,25.35972019241125,3.5725391772559445,0.0,-11.85114781846213,16.86711437474897,66.42325965850891,80.08639725244848,78.2697890900993,1.0,0.5083392913452511,17.152494829605157,7.077982802157704,45.62928034354019,747835.7142857146,689804.2573108955,0.28288760775308175,-16.00682195901693
2021-02-05,197.50999450683594,202.77000427246094,191.7100067138672,196.16000366210938,4478300,0,0,77045719.80047555,26.15851783949711,52.0,19.087293916590056,1.025454965591626,174.54527297392852,-0.21688694708908718,False,False,False,False,False,False,False,False,False,False,False,False,False,False,False,False,-2.126002502441395,0.8165177543399696,352.58706638500524,23106961.62439399,3.4199981689453125,170.85980428419725,-1.3074769835744746,1.5531522009237557,1.8281623677249677,67.12807567278875,25.1018692590006,3.809333863866736,0.0,-12.101614320045572,14.740287762399884,65.52607675842273,90.04319862622424,82.82419255854452,0.9441688619936665,0.5384338176368719,19.212461283758707,6.0283821784060265,47.21680755605704,451926.1904761903,122968.87742960417,0.34040049899674707,-21.474826228847625
2021-02-08,197.07000732421875,199.44000244140625,187.52000427246094,188.25999450683594,6113900,0,0,71690918.2885495,26.582278248380664,52.0,21.561971327837767,0.8100808239715112,117.19814268492807,-0.2638921906056232,False,False,False,False,False,False,False,False,False,False,False,False,False,False,False,False,-3.4205001831054744,0.6483608817619129,245.34722871344,12905986.253133953,3.4199981689453125,171.20729762988933,4.154568307734493,1.1198537921406695,1.4081613308905476,59.625456600122114,24.987351049319336,3.9848946221044175,0.0,-12.221516318418665,8.940453195136259,59.328170972303546,95.02159931311212,73.78746212733293,0.558477011132671,0.5625566491409671,19.142663846513962,5.560578401732182,42.764660828930495,-395366.666666667,-271199.45138127776,0.21067962156159725,-41.15596543013706
2021-02-09,191.41000366210938,195.3699951171875,188.33999633789062,189.75999450683594,4180700,0,0,69199147.84068334,26.975770056629674,52.0,22.500176867316753,0.8122785281107129,96.56728327996309,-0.33894785064021044,False,False,False,False,False,False,False,False,False,False,False,False,False,False,False,False,4.255993652343761,0.6802893648698992,148.80010991482732,11958138.21697196,3.4199981689453125,172.21338857704453,9.102115279473367,1.1615054721954199,1.1051624065474899,53.53883024564288,24.861889427832587,4.116195594326218,0.0,-12.710287680332756,10.396180802048258,60.099879604156484,97.51079965655606,66.65005458166006,0.6064999628870142,0.5821363606743967,19.309806638431557,5.155282205428273,44.07243708985028,-1124542.8571428573,-212916.2994049696,0.11887169076276982,-37.419044596035526
2021-02-10,196.9499969482422,204.25,193.05999755859375,199.61000061035156,6608400,0,0,70327125.09241104,27.901378068557964,68.0,22.505529246610735,0.9612894900568879,127.43592672702331,-0.310665071902525,False,False,False,False,False,False,False,False,False,False,False,False,False,False,False,False,-3.700503540039051,0.889953200529673,287.12249825397026,19548801.376614917,3.6749954223632812,176.745774383002,22.438709242902632,1.5711805255247806,1.4217408376161957,59.80744960536917,24.71508791770763,4.2876955494582045,0.0,-12.780607190771397,10.63016611048436,64.82030989149987,98.75539982827803,69.51502468687626,0.9002494255624963,0.6080756129708464,20.906386399288383,4.728240720380743,44.94424853618273,-580316.666666667,376337.46982968436,0.25883578065821056,-12.879915913199005
2021-02-11,203.0,208.10000610351562,198.57000732421875,199.8000030517578,4092600,0,0,67290953.45743078,28.98039625699975,72.0,21.50461937399473,0.9098813324252851,127.46413230436171,-0.3268054750915777,False,False,False,False,False,False,False,False,False,False,False,False,False,False,False,False,-13.130496215820301,0.8349900089823602,365.96415639002606,16867201.75019839,5.8249969482421875,180.3129088922766,30.377508541955663,1.5064247374988995,1.4903434862278546,64.60070134363411,24.602652715455893,4.464928780917482,0.0,-13.202729892592224,14.840790871528764,64.90655624364513,99.37769991413901,76.86767141673958,0.9056164828132552,0.6357914457992293,22.21313867734437,4.192690317388525,39.934833075476455,-1239269.0476190476,346922.5041450838,0.3079522290301274,-19.098025240547084
2021-02-12,197.1199951171875,202.99000549316406,196.02999877929688,196.58999633789062,2759300,0,0,64975676.38066994,29.624024887032967,72.0,20.192000983743128,0.8106242980078437,94.29604733921029,-0.3412119045622292,False,False,False,True,False,False,False,False,False,False,False,False,True,False,False,False,-11.536998748779297,0.7711727819622316,149.92354017139706,13192262.710802374,9.599998474121094,182.92717594751835,38.07084644770225,1.262990907808025,1.1795460187651283,56.361223665197286,24.52153213859788,4.597441934301675,0.0,-14.19780218934767,18.21406658465641,62.13504413901407,99.6888499570695,80.5126390451505,0.7331469955046837,0.6581751473107332,22.533055065173176,4.102295313068749,34.52362497059445,-1008583.333333333,-40435.57174098311,0.1600655977843236,-26.484141710802806
2021-02-16,211.60000610351562,212.60000610351562,202.41000366210938,202.80999755859375,8338800,0,0,57291531.59261581,30.775560999485435,80.0,21.217148141299987,0.8922144266284278,122.26459697459248,-0.4009429480884528,False,False,False,False,False,False,False,False,False,False,False,False,False,False,False,False,-17.267492675781256,0.7958714100410835,323.1284597979624,18717274.634859066,12.849998474121094,185.96111690227718,40.5097850346682,1.4558788066884196,1.2463530777534224,65.75537715360011,24.457528470026734,4.7356304253974475,0.0,-13.951109230736536,19.750824768358953,65.23293068402785,99.84442497853475,78.0016580175863,0.9259265627545886,0.6816713198343695,23.712026732696472,3.9775696659272857,34.936966771540554,-560176.1904761903,219503.93646184768,0.37957488987946597,-20.412858995891646
2021-02-17,203.0800018310547,209.63999938964844,200.00999450683594,202.82000732421875,4582500,0,0,55383357.07684048,31.506104798879626,84.0,22.16011913523954,0.8514422473470561,100.86102463971169,-0.40734516227134837,False,False,False,False,False,False,False,False,False,False,False,False,True,False,False,False,-10.718993377685536,0.7960801207213117,360.6425951689754,16049931.08001871,14.860000610351562,187.92877180731722,40.0772167894892,1.3528029660434073,1.147185364314062,65.51989659120659,24.393050304895443,4.857707772437719,0.0,-13.922854023689517,22.39454414749358,65.23785961441827,99.92221248926737,77.57033712181239,0.9262332870499633,0.7032161903040643,24.67490066396895,3.353255009984939,34.494524046461855,-350211.90476190485,264061.295655746,0.4395514420243065,-20.391987927868826
2021-02-18,198.0,199.30999755859375,192.02999877929688,195.77999877929688,5101200,0,0,55537515.100910805,31.133447937997005,84.0,20.45900156357709,0.6938231302445097,48.74041266628902,-0.3628380595342083,False,False,False,False,False,False,False,False,False,False,False,False,False,False,False,False,-3.919999694824213,0.6492909722767949,265.54950692421005,8626727.841536686,14.860000610351562,188.01298564389487,32.947925061727034,0.9506350762721436,0.49665604844022226,59.12326756093279,24.40219877079859,4.8929816273035875,0.0,-13.870570607496978,12.543108314153859,58.91196344126841,96.21401872099344,74.58243564284284,0.5325766734175118,0.712838493988813,23.731530311945896,3.0428932026288096,36.801126284691286,443021.4285714282,-176839.6522988234,0.33110109248671293,-35.44784614771147
2021-02-19,200.08999633789062,204.38999938964844,195.00999450683594,195.97999572753906,4544800,0,0,51932685.09089011,31.13893065781875,84.0,18.897734967400055,0.6776798239219052,59.121121991037846,-0.4156064485310809,False,False,False,False,False,False,False,False,False,False,False,False,False,False,False,False,6.031501007080067,0.6534610498465372,316.2326681561957,7524187.597084459,14.860000610351562,188.0708512335338,22.19208154548923,0.8853257329405736,-0.004445959500259278,64.75088725528303,24.37688046448494,4.862304004858267,0.0,-13.938310230732197,7.681316333812671,59.03349418190295,76.49025723157123,68.54778273212106,0.33025329245171714,0.7128335797882422,22.9898697641757,2.3059655991925987,35.75373587304974,-800430.9523809524,-172423.13188294,0.37579446301736386,-38.516817728056964
2021-02-22,189.99000549316406,196.44000244140625,187.2899932861328,188.24000549316406,5212200,0,0,47802812.669247665,30.220836557614255,84.0,16.96682232127472,0.5071486619178941,7.984118082243926,-0.4687079999388028,False,False,False,False,False,False,False,False,False,False,False,False,True,False,False,False,9.363994598388672,0.4920767889861847,158.3061167105109,686106.9261281975,14.7449951171875,188.07592844058652,10.623925488520143,0.4405103581116581,-0.8923225299238542,58.48104326121838,24.399565702152614,4.71681701581945,1.0,-13.863674918087591,-2.521876185487644,52.554834649281595,38.24512861578562,52.53612661640918,0.0,0.696279647706966,20.442058552671476,2.844327337642302,28.777381916987245,-599838.0952380951,-201206.7726541519,0.23219088621012007,-68.42695627500449
2021-02-23,180.0,188.8000030517578,172.58999633789062,187.91000366210938,7980300,0,0,54906806.78553258,28.175919601690676,48.0,11.333350596708385,0.4924422184602026,-40.13639177917487,-0.32631906219723766,False,False,False,False,False,False,False,False,False,False,False,False,False,False,False,False,7.890003204345703,0.4851960178256738,-68.83706160590832,211875.42062906612,7.394996643066406,188.0751078786533,-0.6192658039077799,0.4290197512490514,-1.5011560137155087,50.13654037255797,24.585704553144993,4.4935929001552894,0.0,-12.89452473027457,-4.739932629574591,52.29133682558581,19.12256430789281,43.78222078338217,0.0,0.6678233788233853,18.276209991714698,3.4569297176333156,39.370011213855946,215740.47619047575,-219839.65502701813,0.0036693584088958175,-61.70956364679249
2021-02-24,184.0,186.27000427246094,174.72000122070312,179.32000732421875,7801000,0,0,53319596.93826575,26.27706814261878,48.0,6.43191052605124,0.30206831320737154,-62.19794903030052,-0.29617393283778487,False,False,False,False,False,False,False,False,False,False,False,False,False,False,False,False,-0.27700653076172443,0.30608852959826055,-195.82645998759253,-9391329.844015768,3.9749984741210938,187.69109454003234,-13.645777642145077,-0.003236115011439452,-2.4268867538642844,39.99921057904574,24.800985184386843,4.151316620924781,0.0,-11.45569814257944,-8.58482668408691,45.847541684196244,9.561282153946404,28.894766077613355,0.0,0.622001842023608,14.376193017812202,4.641082341359634,39.53258717880708,1377969.0476190476,-370600.0579982857,-0.1272437867076468,-83.1791818453634
2021-02-25,180.14999389648438,183.05999755859375,169.30999755859375,171.05999755859375,8441600,0,0,47026767.847356655,24.984284576559933,48.0,2.7019692364861214,0.10548541662143229,-105.38648360413302,-0.30222020313330583,False,False,False,False,False,False,False,False,False,False,False,False,False,False,False,False,0.9849937438964957,0.13386149437483355,-337.1484216209343,-18010811.071656372,2.3349990844726562,183.92459979590146,-33.140617153027534,-0.39676084196633365,-3.4761238819275295,30.860442487901167,24.979993415546947,3.6722896203333693,0.0,-9.626474074820406,-9.136299506062949,40.659046313699,4.780641076973202,19.717919250802463,0.0,0.5565886285300667,9.27040315476253,6.249376397332955,36.346840296751736,2343185.7142857146,-745454.9239187078,-0.28389236834577836,-95.95749675543715
2021-02-26,169.4600067138672,174.32000732421875,166.22000122070312,171.16000366210938,8317300,0,0,48854517.56233776,24.043165694839615,48.0,-2.8791764203240007,0.10037558624118421,-133.45953703609612,-0.2766655593611913,False,False,False,False,False,False,False,False,False,False,False,False,False,False,False,False,10.74499969482423,0.1266598149522588,-338.7797576090956,-15319012.237881105,0.7900009155273438,181.00712737237728,-50.563758300257916,-0.40282558310066163,-4.0063302054623895,29.822553817212366,25.120792135316556,3.1236523259900024,0.0,-7.67698316653525,-9.801850433789149,40.74647826605435,2.390320538486601,10.504822758573829,0.0035572080427818623,0.4803267347220644,5.197343684812565,7.512484597303459,38.62467143174852,2181304.761904761,-383982.54789847584,-0.33632049421969323,-89.34885312347839
2021-03-01,181.5,186.3300018310547,177.9600067138672,186.14999389648438,5662100,0,0,54273075.50238181,22.616363128124476,48.0,-4.870969480626741,0.4042458736258074,-54.76332519371986,-0.19440122217831277,False,False,False,False,False,False,False,False,False,False,False,False,False,False,False,False,9.91300277709962,0.4297108792062009,-161.03034042642886,-1005607.1030331366,-0.69000244140625,181.177599220099,-57.71131309502687,0.28260243034378824,-3.2240485459633526,36.635448209364036,25.27806656335935,2.681930449307161,0.0,-6.376232024425269,-6.743152483698338,52.131312282113896,1.1951602692433005,19.221579347234993,0.46675426628832295,0.41571847723253275,4.963544837803731,7.731481859232849,47.62262622605274,1500609.5238095243,500742.51529342256,-0.17903048790406306,-57.02891207937991
2021-03-02,186.11000061035156,188.07000732421875,175.1199951171875,175.52000427246094,5286400,0,0,49313255.642173395,21.032054472602038,48.0,-5.074645592184623,0.12517946384977152,-90.09700661402212,-0.23069120069906068,False,False,False,False,False,False,False,False,False,False,False,False,False,False,False,False,6.624996185302734,0.2005175091131611,-151.13623080382519,-8889717.109519474,-3.31500244140625,180.49095799502598,-66.87476807142997,-0.23700965635680465,-3.2877923458907476,36.29136869231919,25.319326959781986,2.2322354933516424,0.0,-5.6342385446715255,-12.1521513555769,45.46071166013001,0.5975801346216503,24.55799523615275,0.19535789981733956,0.3493126538635976,2.483840874329625,8.466669078415277,45.36488383183915,369897.6190476185,194003.13830034307,-0.15969984938748416,-79.9482490886839
2021-03-03,180.0,182.36000061035156,167.11000061035156,168.75,6591400,0,0,44139546.39324601,20.186190895545796,48.0,-6.353557855942682,0.013881568740970832,-132.49486217157335,-0.28270051305161037,False,False,False,False,False,False,False,False,False,False,False,False,False,False,False,False,13.507497406005854,0.05454934266801774,-346.74968655473793,-13994586.974087982,-3.31500244140625,178.77906556332218,-75.36176877781656,-0.5069841680781453,-3.6246381669105383,28.377444342899494,25.41941727241526,1.7362037813030864,0.0,-4.947419747746874,-14.16145117070983,41.792880211503615,0.29879006731082514,22.825924366246138,0.046130538685178656,0.2766682879730571,-0.8075649190880522,9.583321108765649,42.21525857532388,-204188.09523809515,-556114.5906942686,-0.3234779256214506,-94.54506573319823
2021-03-04,163.17999267578125,169.49000549316406,153.97000122070312,158.39999389648438,12168300,0,0,38917826.93927848,20.3399878343239,-43.99999999999999,-9.098527392219097,-0.08431332487635565,-177.03904940126938,-0.3346994358806015,False,False,False,False,False,False,False,False,False,False,False,False,False,False,False,False,15.253007507324213,0.07555845653835024,-543.0711060110738,-29987071.5877053,-8.080001831054688,175.58787146102875,-89.4811440257486,-0.9139689570554588,-4.335207099086059,21.602784030088173,25.59008221840503,1.1395629231736173,0.0,-3.0211819798097275,-21.897344409404127,36.89232275148854,0.14939503365541257,11.020843610651113,0.0,0.19140639962072278,-5.330392456207205,11.229499182718158,35.817278849448265,1387709.5238095243,-1000560.5627408052,-0.5177843389340439,-92.44415434616498
2021-03-05,159.9199981689453,160.25,148.83999633789062,156.82000732421875,11115200,0,0,43350285.07190286,20.801134849333188,-48.0,-11.836910831227016,-0.015301255850047444,-173.81252866930024,-0.26720536223470365,False,False,False,False,False,False,False,False,False,False,False,True,False,False,False,False,10.234998321533197,0.1251569912812403,-526.8386058458043,-28212042.324896954,-11.900001525878906,172.5158133939782,-96.81237293853884,-0.8813312713797837,-4.673206267509315,20.197263542701904,25.693415090512612,0.49089495063922994,0.0,-0.7476383381721339,-22.68020823333593,36.194597550935825,0.07469751682770628,8.508826349587084,0.0,0.09938701786539705,-9.077053384833992,12.753805528787796,39.40274432605651,2733792.8571428573,-857193.2152712417,-0.542801962419012,-87.48430087187597
2021-03-08,153.14999389648438,155.88999938964844,136.0,137.60000610351562,13957000,0,0,31638763.792067096,21.92980954070887,-52.0,-18.626323520436017,-0.1553124866246188,-198.60524362921836,-0.32700987366971623,False,False,False,False,False,False,False,False,False,False,False,False,False,False,False,False,13.362995147705078,0.02088780647554271,-684.1647896634088,-62503687.28381932,-12.264999389648438,165.7003790144237,-104.76291829452367,-1.5611878013081202,-5.875060793159116,10.552147046833639,25.861606238494083,-0.3399745096523416,0.0,2.0970339581886535,-29.71702576286542,29.007634360323877,0.03734875841385314,7.414761766346161,0.0,-0.014045350775692444,-15.206957166391764,15.37920709676821,36.51188223228787,4787692.857142857,-1821452.855124808,-0.7114491872080702,-97.827259482921
2021-03-09,145.6999969482422,155.52999877929688,144.60000610351562,154.17999267578125,10691600,0,0,39689241.206810474,22.977864611272004,-52.0,-24.352617420869734,0.13258811527762512,-135.76281003127343,-0.22311284025008954,False,False,False,False,False,False,False,False,False,False,False,False,False,False,False,False,7.327005004882807,0.23733670009390329,-613.8516867884958,-28250791.323840115,-12.264999389648438,164.83703794618407,-103.19580720680023,-0.7411454206429539,-5.257297883255768,18.66147940979721,25.945444082322325,-1.0914546321593048,0.0,4.480369789639368,-21.328709033074077,40.06383833909955,0.01867437920692657,13.75708764019329,0.36822272682528695,-0.11930029145816157,-16.238525270803223,16.401641864615556,42.87064527949332,3859095.238095238,-422307.9409203904,-0.6085853798280189,-73.41717672462359
2021-03-10,159.02999877929688,161.4199981689453,147.6300048828125,148.13999938964844,9939800,0,0,30484647.27890414,23.301926539771806,-52.0,-27.765793789134307,0.10447322254862118,-115.03261734260244,-0.25949482854807837,False,False,True,False,False,False,False,False,False,False,False,False,False,False,False,False,9.0780029296875,0.15848561909045672,-476.3315394780614,-32791581.886934802,-12.264999389648438,163.68078502446082,-102.3679429933668,-0.8823815938209302,-4.962989993985066,25.900918092013953,26.04200772969485,-1.8118349342190538,0.0,6.297246520306055,-21.3025950559547,37.75694153921257,0.009337189603463285,15.502232088342984,0.29139239411890927,-0.22111653408872414,-17.87147340155311,17.62714157221515,34.60561974655166,3121680.9523809515,898883.3850886073,-0.46500868575211085,-82.24886752742688
2021-03-11,159.0,164.0500030517578,154.69000244140625,162.39999389648438,9047500,0,0,36342306.069743,23.32049327105336,-52.0,-27.901911612118,0.3092685917950625,-73.00725048318998,-0.22412858475856856,False,False,False,False,False,False,False,False,False,False,False,False,False,False,False,False,2.3485069274902344,0.34464741244025465,-499.9398251174012,-9676027.288715813,-12.264999389648438,163.66343382779132,-88.16139976217434,-0.18706387577341918,-3.58003609657782,27.920885961344055,25.96694472860581,-2.334949770400474,0.0,7.4929513604002445,-13.575652848954151,45.70567023316853,0.004668594801731643,29.337875404890315,0.709130413294827,-0.30085765332043407,-16.260313423389736,17.982307229515616,43.28243478338661,1163559.5238095224,481523.5269649605,-0.44157654865185203,-56.320329533279
2021-03-12,157.82000732421875,162.1999969482422,156.30999755859375,161.05999755859375,5155400,0,0,39502068.2217247,23.337733807243374,-52.0,-26.624764610739305,0.31262536634470484,-67.65938333448233,-0.18199103981176745,False,False,False,False,False,False,False,False,False,False,False,False,False,False,False,False,-3.9745025634765625,0.32715398905749693,-402.6331381129743,-9280625.836093744,-12.264999389648438,163.62322141511743,-76.4695845067188,-0.16379234007042154,-2.5746320452300484,28.158004821174913,25.819518028652464,-2.7148605308840192,0.0,7.521690229593466,-10.182918257754736,45.122535140497995,0.0023342974008658214,36.29763892810133,0.6921107501788734,-0.3634793684441321,-15.246071108603248,18.282660170946702,47.97182332705735,-677783.333333333,828376.3965649747,-0.36972813540097715,-52.53788615499057
