Date,Open,High,Low,Close,Volume,Dividends,Stock Splits,adi,adx,aroon_25,awesome_oscillator_5_34,bcpb_20_2,cci_20,chaikin_20,BearishEngulfing,BearishHarami,DarkCloudCover,EveningStar,EveningStarDoji,GravestoneDoji,HangingMan,ShootingStar,BullishEngulfing,BullishHarami,DragonflyDoji,Hammer,InvertedHammer,MorningStar,MorningStarDoji,PiercingPattern,dpo_20,donchian_20,emv_14,force_13,ichimoku_9_26_52,kama_10_2_30,kst_10_15_20_30_10_10_10_15,keltner_20_10,macd_26_12,mfi_14,mi_9_25,ppo_26_12_9,psar_0.02_0.2,pvo_26_12_9,roc_12,rsi_14,stc_50_23_10_3_3,stoch_14_3,stoch_rsi_14_3_3,trix_15,tsi_25_13,ulcer_14,ultimate_7_14_28,volume2_3_14,vpt,vortex_14,william_r_14
2020-03-13,84.17060703972678,86.46315311078251,77.30243696073956,85.04215240478516,7038700,0.0,0,4855028.438632673,0.0,,,,,,False,False,False,False,False,False,False,False,False,False,False,True,False,False,False,False,,,,,,,,0.6149603487062635,,,,,0.0,,,,,,,,,,,,1322253.5836984946,,
2020-03-16,74.72568386324147,74.7351592244983,61.87984048048328,62.32508850097656,5743600,0.0,0,-490708.76520821825,0.0,,,,,,False,False,False,False,False,False,False,False,False,False,False,False,False,False,False,False,,,,,,,,-0.05866326544509879,,,,,0.0,,,,,,,,,,,,-282159.80861432804,,
2020-03-17,63.04507039549043,63.9166157999252,51.11813350595063,55.76007080078125,10561600,0.0,0,-3391043.3421721924,0.0,,,,,,False,False,False,False,False,False,False,False,False,False,False,False,False,False,False,False,,,,,,,,-0.0586846283672695,,,,,1.0,,,,,,,,,,,,-2646778.1345477393,,
2020-03-18,51.629693300705156,52.614921342927715,41.22796836845663,42.55423355102539,12166900,0.0,0,-12723728.449746963,0.0,,,,,,False,False,False,False,False,False,False,False,False,False,False,False,False,False,False,False,,,,,,,,-0.3812453030166725,,,,,0.0,,,,,,,,,,,,-3994033.0328515978,,
2020-03-19,43.87103153267951,56.36636361017081,43.10368981954238,52.80438995361328,10392200,0.0,0,-7913621.957895165,0.0,,,,,,False,False,False,False,False,False,False,False,False,False,False,False,False,False,False,False,,,,,,,,0.17726106166539565,,,,,0.0,,,,,,,,,,,,-378328.06209790474,,
2020-03-20,55.86427538687304,60.07043616125552,43.7289280982501,45.60464859008789,9258400,0.0,0,-15046615.840580296,0.0,,,,,,False,False,True,False,False,False,False,False,False,False,False,False,False,False,False,False,,,,,,,,-0.018287114027872153,,,,,0.0,,,,,,,,,,,,1240839.288663308,,
2020-03-23,45.94569444563802,49.37504217384242,43.624725652945315,47.51826858520508,10694900,0.0,0,-11258468.810074031,0.0,,,,,,False,False,False,False,False,False,False,False,False,True,False,False,False,False,False,False,,,,,,,,0.09281004611277491,,,,,0.0,,,,,,,,,,,,-813589.3018725254,,
2020-03-24,51.58232764071364,54.1685485566641,49.791867284578075,51.84757995605469,7401800,0.0,0,-11707067.009074107,0.0,,,,,,False,False,False,False,False,False,False,False,False,False,False,False,False,False,False,False,,,,,,,,0.2893653851990205,,,,,0.0,,,,,,,,,,,,1123135.316834254,,
2020-03-25,52.785440636889994,65.8775934996206,51.847578582254684,59.05678939819336,8662200,0.0,0,-11467262.799152954,0.0,,,,,,False,False,False,False,False,False,False,False,False,False,False,False,False,False,False,False,,,,,,,,0.6080521578646926,,,,,0.0,,,,,,,,,,,,1878811.9078567552,,
2020-03-26,59.38835673289202,62.04089074445811,55.324297332855245,58.829429626464844,8730100,0.0,0,-11085554.606750056,0.0,,,,,,False,False,False,False,False,False,False,False,False,False,False,False,False,False,False,False,,,,,,58.829429626464844,,0.5921173246259266,,,,,0.0,,,,,,,,,,,,1170836.498007983,,
2020-03-27,57.237908283377294,57.27580250389354,52.766495062421576,55.106407165527344,4837800,0.0,0,-10902616.092318706,0.0,,,,,,False,False,False,False,False,False,False,False,False,False,False,False,False,False,False,False,,,,,,58.499724836809236,,0.4212177534130509,,,,,0.0,,,,,,,,,,,,-339769.9122105506,,
2020-03-30,54.538009884959244,54.94536373277107,51.92337002843374,53.30647659301758,4848900,0.0,0,-11313025.428764392,0.0,,,,,,False,False,False,False,False,False,False,False,False,False,False,False,False,False,False,False,,,,,,58.365506528442765,,0.3362504014246597,,,,,0.0,,,,,,,,,,,,-464539.0784138157,,
2020-03-31,53.628567817981875,54.30117395897853,50.019224683709254,51.970733642578125,6507700,0.0,0,-11888924.72996592,0.0,,,,,,False,False,False,False,False,False,False,False,False,False,False,False,False,False,False,False,,,,,,58.289409083032425,,0.27399798105106876,,,,,0.0,,-38.88826637970438,,,,,,,,,,-321447.37581547943,,
2020-04-01,48.077195656662326,48.62665105593008,43.577359609979645,44.56258773803711,8728800,0.0,0,-17211361.925899565,0.0,,,,,,False,False,False,False,False,False,False,False,False,False,False,False,False,False,False,False,,,,-32279690.05859808,,58.17534822543121,,-0.1106891249714046,,24.977043002244244,,,0.0,,-28.49976019313817,28.295079345602147,,,,,,37.556413968516495,,-1560123.8095238097,-1407311.6822421383,,-92.62826185285736
2020-04-02,43.69103658150019,45.926745067780054,40.02485555766568,41.692161560058594,7679000,0.0,0,-20551669.11559412,0.0,,,,,,False,False,False,False,False,False,False,False,False,False,False,False,False,False,False,False,,,-326.9011846466565,-30817163.28175507,,57.22176018259755,0.0,-0.24137640028636423,,23.62175958588442,,,0.0,,-25.229360434251014,26.648132395722314,,,,,,38.584547400415524,,-662492.8571428573,-1738873.2677827138,-0.4994313877554162,-95.19650989401713
2020-04-03,41.881631240911034,44.63837277097875,41.86268412907991,44.25944137573242,6759100,0.0,0,-15638046.41801757,0.0,,,,,,False,False,False,False,False,False,False,False,False,False,False,False,False,False,False,False,,,-109.06526047569079,-23935782.66977278,,57.11959325262751,-7.2289319351774,-0.07764296513103901,,28.928952280721106,,,0.0,,4.0071402594112575,30.54218079600352,,9.518289950251855,,,,38.50508603145267,,-651228.5714285718,-78424.86360704718,-0.3967225626816441,-83.62035840236993
2020-04-06,47.935089965028624,52.52018580971941,47.32879689693591,51.212867736816406,8207200,0.0,0,-11564391.821063347,0.0,,,,,,False,False,False,False,False,False,False,False,False,False,False,False,False,False,False,False,,,14.484465348172844,-12363790.741135461,,57.031078152297844,-1.554143660171917,0.35213150034333707,,37.066304981270214,,,0.0,,-3.0139960298660182,39.85535027154485,,21.48635313314494,,,,37.557386737858316,,-656923.8095238097,1705606.1960913453,-0.15928997365642839,-56.72407230417811
2020-04-07,55.89269829485918,60.95145768823839,55.89269829485918,57.67368698120117,8424900,0.0,0,-14057145.056700373,0.0,,,,,,False,False,False,False,False,False,False,False,False,False,False,False,True,False,False,False,,,121.76369808290217,-2821569.7706850795,,57.04573414640729,8.879923930890413,0.7410955998559078,,46.10010458883866,,,0.0,,26.46449159074645,46.97025827639584,,42.64078269647311,,,,35.10920157648102,,-141004.7619047612,2352253.954683178,0.11445470642475075,-31.733221204032642
2020-04-08,58.73469759746836,61.90826448987938,57.12422935994071,59.596771240234375,6692100,0.0,0,-13831863.78014384,0.0,,,,,,False,False,False,False,False,False,False,False,False,False,False,False,False,False,False,False,,,101.70272687307504,-579992.3506049118,,57.05960383627546,23.168756211025283,0.8509821776424215,,44.84821528553637,,,0.0,,25.418650583556758,48.90767636045189,,62.41603164552399,,,,33.61565272946132,,100954.7619047612,1285995.988286735,0.09110956483156718,-24.2946115552173
2020-04-09,62.52403723798228,70.26375344630628,62.43878065644356,64.57975006103516,9096200,0.0,0,-17950490.970363446,0.0,,,0.7689269903306605,105.38904851253636,-0.11051073630374443,False,False,False,False,False,False,False,False,False,False,False,False,True,False,False,False,4.79161262512207,0.5287638823383483,116.41046434500404,5978031.120876942,,57.23113050205306,34.08335851475857,1.1347182041622754,,54.27697173143422,,,2.0,,24.556922648602086,53.6345473852676,,75.05839156144346,,,,31.247417639789468,,408873.8095238097,983690.3148425417,0.1814554210602266,-18.796992556419696
2020-04-13,64.98710213268077,65.29024868242617,58.914692161543734,61.860904693603516,4123200,0.0,0,-18262941.75265985,0.0,,,0.8222781404691721,95.37498180428308,-0.1449251688620026,True,False,False,False,False,False,False,False,False,False,False,False,False,False,False,False,5.723315238952637,0.6290941544485316,90.22147994171878,3522549.072323931,,57.36296846783207,47.6760861181499,1.0364625882679837,,56.72048717788105,,,0.0,,4.748167524826432,50.869179102340134,,76.37339495911385,,,,28.958621628054566,,-555619.0476190476,586958.303389017,0.20378934313827257,-27.78821101102147
2020-04-14,62.62824254273694,65.744971833331,62.22088869071197,64.18186950683594,5105100,0.0,0,-17686562.1965592,0.0,,,0.8963213289928976,122.49936220204997,-0.10823300021432145,False,False,False,False,False,False,False,False,False,True,False,False,False,False,False,False,1.9074537277221708,0.798872169155509,76.34705227339398,4712007.414568061,,57.72409363218,68.52021795433956,1.2417446776701329,,56.25919880140517,,,0.0,,9.098235210431584,53.09258419890249,,77.76733778270325,,,,27.014841011589375,,-920569.0476190476,17949.56412820943,0.14285688068412083,-20.112783084449106
2020-04-15,60.43990046150507,60.91357101247775,56.65056496405908,57.99578094482422,5168400,0.0,0,-19593125.738426298,0.0,,,0.6676521944372391,56.028109168489635,-0.10556140959960301,False,False,False,False,False,False,False,False,False,False,False,False,False,False,False,False,-0.004262351989744673,0.5942982926606399,-33.917590206463395,-528590.8052132851,,57.729904143670105,80.1893492668178,0.82275098156819,,48.666106707789005,,,0.0,,5.243262858015478,46.988899260630085,,70.50961172353114,,,,25.89470740041476,,-1980278.5714285718,-306611.0136152089,-0.089579665104778,-40.57017073393601
2020-04-16,58.744169100469435,59.056790998416,49.365566368948905,50.30342483520508,8421600,0.0,0,-26384742.085915025,0.0,,,0.37106132565609734,-13.705710799480634,-0.09123180265052173,False,False,False,False,False,False,False,False,False,False,False,False,False,False,False,False,-1.7274648666381864,0.3399121659589517,-70.4997993866405,-9707641.57772118,,57.58038512094286,84.44005620526175,0.21929176138421794,,49.30515988655536,,,0.0,,-5.633558902682866,40.71996680940876,,57.76942092583669,,,,25.250359748590075,,-525442.8571428573,-1615161.0780102029,-0.1824384620315873,-66.00878340410483
2020-04-17,55.28640474538969,58.156825189842706,52.586501071349105,53.16437530517578,9279000,0.0,0,-33738505.81541671,0.0,-56.0,,0.47903464538681306,5.173875939063553,-0.17375704355028138,False,False,False,False,False,False,False,False,False,False,False,False,False,False,False,False,-9.153610038757321,0.4345237645862096,-41.14633507845507,-4528441.436495562,,57.36825528880394,87.56932435333235,0.41532183026398833,,56.55673832871431,,,0.0,,2.296757384274714,43.72697244042371,,45.62447410686004,,,,23.90377931421789,,548628.5714285718,-589278.7167224822,-0.07579329249985367,-56.54762354137904
2020-04-20,51.193922917379176,53.9980302896732,49.48872268362156,50.9949836730957,6498400,0.0,0,-35895535.80071088,0.0,19.999999999999993,,0.38223117625701436,-35.84543175468686,-0.14293161386124958,False,False,False,False,False,False,False,False,False,False,False,False,True,False,False,False,-12.293552970886232,0.36278200865088434,-52.06613076365104,-5895460.457268937,-3.429344426596508,57.2128893431534,90.00925337477861,0.2073641888566937,,55.767985721025745,,,0.0,,14.434520663099013,41.98772854055227,,37.90726463986818,,,,22.43938762659781,,874140.4761904757,262563.07359669794,-0.11779439294129168,-63.72179913491157
2020-04-21,49.47924487950592,52.074941130842916,49.07189104867064,50.739200592041016,6130100,0.0,0,-35218706.877020426,0.0,20.0,,0.3630891101820309,-51.13213528018809,-0.1695680591511093,False,False,False,False,False,False,False,False,False,False,False,False,False,False,False,False,-9.887319755554202,0.35432326514784235,-50.171615906245314,-5277248.372683851,2.28781485640647,57.17922941499658,80.64090933492915,0.15977694111609114,,56.06399654612708,,,0.0,,21.69961617113552,41.77673743982359,,38.387634612831214,0.5606007707938307,,,20.695732623266778,,137278.57142857183,-295917.2199333882,-0.11717682470464785,-64.56767348521576
2020-04-22,51.99915760986002,52.24546644955912,48.78769624130876,49.69713592529297,5915100,0.0,0,-38022306.487607904,15.775043672746941,20.0,,0.327127496230162,-54.19613428999212,-0.18821484318576767,False,False,True,False,False,False,False,False,False,False,False,False,False,False,False,False,-2.826371192932129,0.31986219878935235,-25.377188195990847,-5403915.278054926,4.3814203418215385,56.83689778528294,61.86209627773371,0.06951785895800625,,57.129402148928115,,,0.0,,12.285953867782096,40.87555451580744,,34.565582419602634,0.5272068233441499,,,17.44741058692847,,-783042.8571428573,-152229.9870100365,-0.019673102196478887,-68.01378012106477
2020-04-23,49.85818170850365,52.16020326100886,48.70243325112306,50.35079574584961,5861000,0.0,0,-38295281.51546039,16.21467128719632,20.0,,0.36920218390789283,-47.18833829575893,-0.19580537359627126,False,False,False,False,False,False,False,False,False,True,False,False,False,False,False,False,4.069747734069821,0.3414787214206944,-8.574174982533771,-4084627.351435298,2.0793980402410455,56.44823087247514,41.522863083966485,0.1326378524539443,,63.07455957903314,,,0.0,,-1.6833113025363,41.72474365116775,,32.4350460212593,0.48425365204288484,,,16.149450965320494,34.211439040345525,-865652.3809523815,-44393.38422585635,0.05035706803057638,-70.11340832994156
2020-04-24,50.56867755940143,50.81498274907014,46.068842160360326,48.77821731567383,10104300,0.0,0,-36863328.48201361,16.90895680957163,20.0,,0.3251519761490953,-65.73748777032992,-0.18627187691455363,True,False,False,False,False,False,False,False,False,False,False,False,False,False,False,False,6.495392608642575,0.2894735711018222,-16.054698776022217,-5771081.191519562,0.7626024948596779,55.153508574088804,24.277677454269906,0.015512252051000775,,55.42292618161271,,,0.0,,-15.423792254562876,40.227788749061865,,24.356977121855184,0.027029040548821402,,,16.08493530471683,37.9307654153347,220138.09523809515,-238493.03460347993,-0.0021544146363496885,-88.80188018342811
2020-04-27,49.498196139745055,55.011679133575974,48.787695716686514,54.17802429199219,7038000,0.0,0,-31710700.72100295,16.825838702596812,20.000000000000007,,0.545508329713809,-9.465326873870186,-0.1480074389559589,False,False,False,False,False,False,False,False,False,False,False,False,False,False,False,False,11.524790573120114,0.4680451247412432,-24.36688379860299,482479.19288731925,-1.6530979155669456,55.10717571440051,17.106913633673926,0.5830615040881929,,55.07236048456717,,,0.0,,-9.09234986304751,47.22882616745713,,24.866925410597037,0.5222020928674401,,,16.26821896160361,47.61147348692106,677952.3809523815,463533.0264054194,-0.014441887309826429,-66.48393525483921
2020-04-28,57.57895135413076,62.20194525670866,55.63691764703367,59.99465560913086,15427700,0.0,0,-26657184.813009202,15.674741087069608,20.0,,0.7599414255129079,71.07918478839653,-0.10150475655877583,False,False,False,False,False,False,False,False,False,False,False,False,False,False,False,False,8.471536254882814,0.6604010544632626,-39.47586213458088,13233159.732677743,-1.0089107934514914,55.20221345427357,12.123566046042583,1.1202367463909075,,58.33318679042218,,,0.0,,-7.099895009768333,53.54140907110613,,34.09032370936212,0.993052883497884,,,16.366544447028154,53.09025579443635,3366652.3809523806,2435455.2770541785,0.015410399717594059,-42.443213433646314
2020-04-29,62.87455305872913,68.75749566492698,62.81770811041153,65.17657470703125,16205700,0.0,0,-29991352.269465677,15.318058691045204,72.0,,0.9067676257789574,128.01441344010632,-0.11253186704806181,False,False,False,False,False,False,False,False,False,False,False,False,True,False,False,False,10.132209014892581,0.8317670585082383,-27.081890376251927,23339369.2458444,2.2688644106576703,55.58918374574135,20.681436908194158,1.544124743192015,,62.584070932088245,,,0.0,,5.3598796038470775,58.32436461628201,,56.68234343554135,1.0,,,16.36654444702815,54.97471961535938,4720909.523809523,3056075.379994336,0.13168630432782436,-21.02582100489044
2020-04-30,62.9219135965787,65.02499593389035,59.92833872687882,63.25347900390625,8992000,0.0,0,-27250304.447494317,14.584021576169203,72.0,2.0730739107983993,0.8060474397508182,85.31601105562365,-0.06230410785949039,False,False,False,False,False,False,False,False,False,False,False,False,False,False,False,False,3.011575889587405,0.7681703060668267,-82.48500243571462,17534819.844652344,2.2688644106576703,56.55322927817236,41.97026077643818,1.276197957514633,1.789893335078848,53.67915283805242,,-4.498627049960028,0.0,4.414079457418328,-1.4464996268623893,56.01940278677315,,70.75735680910844,0.8726299468793964,,,16.38553125091636,56.15776696026038,5379685.714285715,1134417.7602554813,-0.09201191346889193,-24.2588951341379
2020-05-01,60.1556975309674,61.245132868777205,57.39895626110781,59.871498107910156,6430000,0.0,0,-25413162.453423068,13.55851674187414,72.0,4.912651817279702,0.6631497668030647,42.214519683824726,-0.030407309884962746,False,False,False,False,False,False,False,False,False,False,False,True,False,False,False,False,-5.589747047424318,0.6340892935290711,-49.03650880870858,11923254.55809417,2.2688644106576703,56.70226773997434,51.863743803013854,0.8767776929826124,1.6723624101435268,52.64789801281171,,-3.768150808339823,0.0,5.224754779831656,3.2342303742240306,52.118538124104724,,71.8501145833812,0.6570717832085337,,,16.490963931200103,56.04601100274277,2215680.9523809515,-609110.8925643151,-0.06599095503565577,-39.16494011082806
2020-05-04,57.2189670722541,60.16517236612508,56.27163320426177,59.691505432128906,3763600,0.0,0,-22565280.928916637,12.727947174743905,72.0,6.473133038330289,0.6369652332318276,26.02891225459745,-0.04415524956655165,False,False,False,False,False,False,False,False,False,False,False,False,False,False,False,False,-3.5003997802734403,0.5630383641737734,-66.4639281535121,10123158.130570674,2.2688644106576703,56.92118693099917,62.52984118605968,0.781823636814549,1.5192469580491372,48.47546297636665,,-3.105098156482395,0.0,4.759329250637592,18.66290541385472,51.91135558793179,,65.53930294406918,0.6456230683967873,,,16.642825584414258,58.46301109984654,-1835864.2857142854,-355108.1081894615,-0.1385305548509448,-39.95825592282643
2020-05-05,61.51985953037573,62.789283358202496,56.92528841376207,57.361061096191406,5189500,0.0,0,-26983483.42375385,12.053677626069074,72.0,6.591883006533557,0.518063991276676,26.000068307191405,-0.10021123330569345,False,False,True,False,False,False,False,False,False,False,False,False,False,False,False,False,-5.977201080322267,0.466718757608769,-22.594818908526,6949301.1288680555,2.2688644106576703,56.940512470340124,62.38394515948045,0.5134443968915477,1.211154906494937,53.157220152282555,,-2.5765545564068315,0.0,3.7330928574713034,7.893793102854459,49.185120855794,,56.882379772421814,0.4949738653574405,,,16.728124450994414,54.26327793488631,-3104871.428571428,-213920.30043825187,-0.004113775629021377,-50.22966464908002
2020-05-06,57.49368958140917,58.602072055940575,52.34019478087289,52.80438995361328,7686400,0.0,0,-33530292.333408453,11.606147575022861,72.0,4.277127884365925,0.3201279832135954,-34.69392473535106,-0.12716958086343838,False,False,False,False,False,False,False,False,False,False,False,False,False,False,False,False,-5.989519309997561,0.27838695970608573,-10.54680148063511,953058.5289851194,2.2688644106576703,56.87601127876087,56.42065096434548,0.09601441631790422,0.6772441582840121,53.37089537667882,,-2.2811111769500476,0.0,2.8985389035383675,3.548204451082505,44.28759630291286,,46.4996449943319,0.22434120043697695,,-37.240506767122085,16.451795941582084,48.00694357280866,-2633557.1428571427,-813201.0756120095,0.000491211840779715,-70.3131444450978
2020-05-07,52.96543753373522,55.68428478044409,52.359144423619576,53.99803161621094,6753600,0.0,0,-33626496.039644025,11.190583956194233,72.0,2.4600582831902216,0.3874483990482489,-38.59600558715099,-0.1292171447115305,False,False,False,False,False,False,False,False,False,True,False,False,False,False,False,False,-6.751646995544434,0.32772136926397505,-20.620222105593744,1968532.7866328927,3.6282911888207607,56.82421464269072,52.09317764199707,0.2324390243036178,0.39521106252868243,46.565565143224326,,-2.1097629868702032,0.0,2.02762899502662,6.422708647642951,45.809806226531364,,38.13500314846826,0.30845710914740937,,-36.640517039743095,16.41203755544817,45.65104812243154,-1456504.7619047612,-457930.421245751,-0.07133518264306415,-65.05218146041736
2020-05-08,55.55165565984567,57.313697176026054,54.765370453792585,54.96430969238281,8342800,0.0,0,-40666707.74495636,10.540599303699784,68.0,1.6817957895025017,0.45098365116906786,-8.98560592143969,-0.14902182742597955,False,False,False,False,False,False,False,True,False,False,False,False,True,False,False,False,-5.617215156555176,0.39206678925358235,1.76587308727587,2838951.636240582,5.40454072091395,56.760596388499586,45.72725236076256,0.3678343227883523,0.2704240616912059,52.815837983677724,,-1.9935646783770644,0.0,1.504708305677359,10.598545910186258,47.07056713220339,,34.61378433994768,0.3781255875889992,,-35.84268951209585,15.977611060429416,42.48225612800143,-537147.6190476185,301956.7527843406,0.08552118925937102,-60.79332107464176
2020-05-11,54.56642373447642,54.63273680930712,52.01809719283406,52.17914581298828,9361400,0.0,0,-48874877.64531808,10.35438631377725,11.999999999999993,0.5024476595109775,0.3346072614392507,-46.63928378178253,-0.19414738090536485,False,False,False,True,False,False,False,False,False,False,False,False,False,False,False,False,-6.705705642700195,0.2693109862777051,0.4451173976869569,-1291331.9033029247,4.324577641187425,56.7081205004727,31.986001615817475,0.11562106855402307,0.010712794880223475,51.34435234443962,23.09857378642408,-1.9931953892969279,0.0,1.428331574944203,3.6312237772118663,43.9001844562844,,33.69519869757045,0.20293318107071595,,-35.57541201324032,15.839229130536035,37.61732393434421,-209621.42857142817,-325071.1432268616,0.04604589000605719,-73.06890137222949
2020-05-12,57.16212692007501,57.35159442034591,51.62969687215813,51.6675910949707,16602200,0.0,0,-65257175.95687272,9.720456241264468,12.0,-0.6447167921300974,0.32800336430761196,-31.417928646212157,-0.2811987279147082,False,False,False,False,False,False,False,False,False,False,False,False,False,False,False,False,-0.6801847457885728,0.24676426626566847,3.550947338423208,-2320132.165612712,0.161048599690929,56.306080499142034,15.402604356950006,0.12575624400416283,-0.17487988567978907,59.42498792508862,23.258053529775037,-2.07693982069594,0.0,2.9483113983087694,5.923491956661641,43.32301026317598,,30.271401393231844,0.17103907041998764,,-35.42668858201116,15.608714324656871,32.50935418241304,2309880.9523809515,-637127.8746476267,0.07781380864450116,-75.32357337343315
2020-05-13,50.39816110972389,51.62969438138386,46.627772852775095,48.47507095336914,13982300,0.0,0,-68911654.50497547,9.877221022413478,-40.0,-1.6269069752232497,0.19089878315282294,-106.43415243004452,-0.2770942039767978,False,False,False,False,False,False,False,False,False,False,False,False,False,False,False,False,5.612482070922852,0.10605427918075887,-9.79067806615927,-8365652.481370257,-3.457769697844512,53.99774390310382,-3.0050906962230215,-0.15002454290710576,-0.4749817607760485,52.527656154073966,23.42765919325241,-2.2992019350066,1.0,4.790734008825456,-10.526322089353071,39.80568972685575,,20.737651057471066,0.0,,-35.80499473613824,15.995599484400309,29.13480253279514,3609621.428571429,-1026725.7256588722,-0.06408924575204944,-89.39457208192411
2020-05-14,47.36669334858127,50.67289013438069,44.7615252144093,48.835060119628906,10654900,0.0,0,-64881923.23987182,10.279642608721648,-39.99999999999999,-2.5652969970958495,0.21787899544100015,-111.52831958151624,-0.21361451771719137,False,False,False,False,False,False,False,False,False,False,False,False,False,False,False,False,10.867819404602052,0.169759123250284,-8.70971006204547,-6622609.474377196,-3.737235044051893,52.65121208332886,-14.919695641912261,-0.1120561375196258,-0.6033285201785379,52.37808711312721,23.63579336186091,-2.583994413522456,0.0,6.164314746667333,-18.600982664535078,40.393352910848364,,17.419255623223695,0.03173354397663479,-0.0598423505365046,-36.00225170034901,16.062318495800195,35.83987966276572,4001459.5238095224,-784834.6116945674,-0.04798456078000357,-83.0240876749716
2020-05-15,47.79299281462031,49.39398569869484,46.77934589781103,48.61717224121094,7579200,0.0,0,-61806306.91129902,10.653319796007805,-40.0,-3.9519152185181596,0.22695122102107582,-96.8492812026333,-0.15722655222762896,False,False,False,False,False,False,False,False,False,False,False,False,False,False,False,False,9.172083854675293,0.1606789371053945,-29.64109509887934,-5912438.9506240925,-3.737235044051893,51.720141843133554,-18.939843976721715,-0.12090489282512075,-0.6527980065297541,52.348093657858705,23.668441327720082,-2.896184446824459,0.0,6.6643084841167655,-25.40698485652988,40.13793205413189,,14.549744651214565,0.017940934179142425,-0.12060447104688674,-36.208255945345925,16.898983908079018,39.62601217526361,955135.7142857146,45310.015629239555,-0.13523327018946296,-83.93210628946055
2020-05-18,51.961256606923214,54.67063180737195,51.894943531146495,53.91276550292969,9221200,0.0,0,-57620569.16142335,10.026201071406584,-40.0,-3.9559828727821085,0.48412528091273016,-14.039360128232916,-0.11986820510101176,False,False,False,False,False,False,False,False,False,False,False,False,False,False,False,False,5.644213867187503,0.3813657091881842,-39.805768963998766,1908155.8401737679,-5.077711804493198,51.83316894266134,-13.339752236860946,0.4516216418292073,-0.2968901294495514,49.57002788308496,23.624662504460574,-3.0438866990751774,0.0,6.842192424081638,-14.767114233194544,48.638541028259,,23.72679231812874,0.4769699427277382,-0.1623800165338557,-34.41072285332902,17.41575205147269,44.61110778381131,-188576.1904761903,970596.9051684231,-0.24347797529311632,-61.863429081181586
2020-05-19,54.24433373195627,55.816907751473074,51.30760029276679,53.874874114990234,7025000,0.0,0,-56646514.42129971,9.371792320833919,-40.0,-4.1828981005725225,0.47396475214752865,-14.104041847246451,-0.11764735861672129,False,False,False,False,False,False,False,False,False,False,False,False,False,False,False,False,5.3074375152587905,0.37978663623434844,-56.505522512085854,1597535.4343954215,-5.702950622290537,51.89521370473127,-12.863820131279727,0.43142886679799725,-0.04525071115039081,44.281526310595055,23.6696008661402,-3.07488340779417,0.0,6.420993585135616,-10.015824194196428,48.58537741618301,,33.05957963736399,0.5414976604607546,-0.18950250385661616,-32.89552521905415,17.860887724026885,46.16582889548645,-742778.5714285709,999475.7329840424,-0.43851383983082004,-55.02572571726584
2020-05-20,55.504288044635786,56.23373551162523,52.065465304197474,52.73807144165039,7010000,0.0,0,-61394199.9412341,8.837883373412678,-40.0,-3.4154187151989888,0.40610883305163403,-17.387672418431713,-0.12755439289478734,False,False,False,False,False,False,False,False,False,False,False,False,False,False,False,False,2.824946403503418,0.3324119040607089,-40.606371193182106,230889.4094657465,-5.702950622290537,51.899004085424615,-14.762334290898686,0.28829913996887346,0.057817087625742225,51.51482577194932,23.741048685719676,-3.05819939537447,0.0,5.617020010552928,-11.648950617244502,46.92809647621832,,42.45225281352045,0.5784532156632344,-0.2092886563816844,-31.8285030159564,18.125375122334482,44.942543432928936,-790940.4761904767,-152853.937796652,-0.3266779456810216,-55.75408676099116
2020-05-21,52.63386793533391,54.29170210758275,51.724424728647136,53.05069351196289,6061100,0.0,0,-61192908.67139171,8.275919906825267,-40.0,-2.6523141283783005,0.4138994184594786,-32.03590688020934,-0.1248297160180282,False,False,False,False,False,False,False,False,False,False,False,False,False,False,False,False,-1.8667196273803697,0.34544001104880345,-30.581682297033986,468595.72673793894,-5.702950622290537,51.911226385197786,-25.981126448128748,0.30635771024960634,0.15472721345361662,52.01635547936559,23.618174803954187,-2.996167950730478,0.0,4.415074296608002,-7.514448829669071,47.458869933107295,,45.066738609433024,0.6321982032280605,-0.22182160560516884,-30.787641350020085,18.238357299157663,50.20594993078021,-1817957.1428571437,-111987.43133533817,-0.27920754886250954,-54.01997169344388
2020-05-22,53.26858129279213,53.42962992447135,51.0423482183524,51.7149543762207,5301500,0.0,0,-63507059.89156478,7.7540224338032315,-40.0,-2.0867277273165783,0.3299721262739761,-54.33398388603498,-0.1491575592504828,True,False,False,False,False,False,False,False,False,False,False,False,False,False,False,False,-0.8199148178100586,0.28977486766580807,-24.909697853389982,-609978.0953870818,-5.702950622290537,51.903888107790095,-27.229052749253363,0.12911634103488523,0.13715042432356062,51.56512079148421,23.475644406435666,-2.9423834381974254,0.0,2.8462910569239304,-2.0631534202925312,45.37097177108718,,42.932207657038816,0.5933496357855784,-0.23325536320101412,-30.188937110564275,18.28932159606577,49.78297986650962,-2502307.1428571437,-97554.90103072995,-0.2752103240555295,-61.429318574448445
2020-05-26,54.945364521525576,56.38531243919301,53.90329870887548,56.12953186035156,10442100,0.0,0,-55217152.967449635,7.724306535303008,-40.0,-1.8679480940294084,0.5664321300212632,6.828478290695894,-0.12913348433105068,False,False,False,False,False,False,False,False,False,False,False,False,False,False,False,False,0.048787879943844814,0.47374648461850444,-33.19974995995618,6062512.996388622,-6.186091612866981,52.08317135466859,-26.164937275031207,0.6208368068359007,0.4153960385409359,53.562434373598414,23.35477870884875,-2.757265851306677,0.0,2.1208480890825023,3.9473665619706035,52.76686846045734,,55.56208025450468,1.0,-0.22739363491727996,-27.781979220583004,18.00634588578214,54.594801657926986,-1733459.5238095233,757891.771369531,-0.2539803111390919,-17.864468968593574
2020-05-27,59.25572933720768,59.96622969763893,56.30004884967537,59.862022399902344,9220000,0.0,0,-46521290.387274414,8.338342000465465,-40.0,-0.9452728461369162,0.7714745281410671,69.5484146694468,-0.1129768921524885,False,False,False,False,False,False,True,False,False,False,False,True,False,False,False,False,-2.7297443389892564,0.6292930397056424,0.8125783666997393,10112662.964712847,-4.3956329836440275,52.83451213940568,-19.344610360658237,1.0883401780272266,0.8199953423463475,60.62539105991828,23.344100881340957,-2.3834421273716875,0.0,1.7152835167067029,8.910714488966423,57.950375980954725,,73.34028341769947,1.0,-0.19639118422860152,-24.15864256687553,17.276865557653966,59.64304791821029,-790035.7142857146,1504485.5554767188,-0.006307792339347862,-0.6853622038594963
2020-05-28,60.29780256143863,60.43042872567071,55.76007243497278,56.60319900512695,7862000,0.0,0,-51544679.933611766,8.77974588829411,-40.0,-0.11434880151988125,0.6348345348886888,64.82170445187599,-0.1286913345538479,True,False,False,False,False,False,False,False,False,False,False,False,False,False,False,False,-2.8126302719116225,0.5843852691697682,5.749114413356239,5007872.608364711,-3.154623127927273,53.1919950988113,-10.178556462021486,0.739915744259374,0.8345426692758922,59.84369774075154,23.440026247104306,-2.002603607233291,0.0,1.2707369088648603,8.478584927385779,52.52997992215628,,85.6748434595999,0.7012681298044516,-0.16092419115472448,-22.018567155952645,16.72110427760254,51.333307383307165,-15707.142857143655,185111.0121390741,0.04216711282994723,-24.425638448747133
2020-05-29,54.64221621960947,56.2526844715263,53.3917358390133,54.661163330078125,8496100,0.0,0,-52501194.78743431,8.631654853295597,-40.00000000000001,0.5875704546200566,0.5450840018023235,12.598291421150705,-0.15121660904632692,False,False,False,False,False,False,False,False,False,False,False,False,False,False,False,False,-5.5755346298217745,0.5491330667245048,-6.525886718966707,1935358.050200845,-1.0231219676565857,53.26723352539317,-2.4281932511341626,0.5481243290933321,0.6859826032090167,53.034826720839476,23.527356705936537,-1.6896004339900625,0.0,0.9420415153579458,5.793907112110003,49.555263221326186,,79.35638603856896,0.5373238951578982,-0.1305612786008981,-20.79066667563027,16.35392453905322,50.18742420485133,-675323.8095238097,-719496.9060377271,-0.13923598709828267,-36.81984123168639
2020-06-01,54.2917066465575,58.54523379752792,53.865405672437795,58.35576629638672,6494900,0.0,0,-46532199.773801,8.936538590840046,-40.0,1.554882195775484,0.8349867969483229,76.63253161507758,-0.12642360134749003,False,False,False,False,False,False,False,False,False,False,False,False,False,False,False,False,-5.139758872985837,0.7540727456817918,6.007236560922627,5086889.301011822,-1.0231219676565857,53.717835259086485,10.211947132387431,1.0345641491480124,0.8011313640374657,59.54615206638819,23.645763130341667,-1.3243413231053625,0.0,0.3152588865481058,20.383044622095277,54.799441336707744,,75.17129487920205,0.8263439444407494,-0.09148545515939094,-18.19554545717306,15.475706658893863,59.87039795659856,-1378940.4761904767,147498.64207144518,-0.0031551700518736014,-13.240635681960184
2020-06-02,59.672560883359225,61.093558046515085,59.15152437411159,60.108333587646484,7797600,0.0,0,-46646291.88258502,9.677668860460175,-40.0,2.6640701774933007,0.9621037744497956,158.18486865403653,-0.14075564696171344,False,False,False,False,False,False,False,False,False,False,False,False,False,False,False,False,-5.378488159179689,0.8512876781920308,10.107324467862421,6312450.645199726,-0.6915573072343975,54.07704691144396,20.200589461103306,1.2678669605007502,0.9497693000949816,56.84030209819399,23.612965507819926,-0.8931691074414877,2.0,-0.216788176720639,23.084385358392066,57.0788616598878,,81.30235209441689,0.9519686199660771,-0.04177535330866374,-15.33018495617048,14.450326045265303,62.37550971351747,-771507.1428571427,673177.9386648114,0.07189119612634964,-6.032466803102611
2020-06-03,62.23982293725296,70.85109026909858,62.050359082994476,69.04167938232422,17321700,0.0,0,-36447198.378492296,11.708040812518194,56.0,4.102038531860046,1.2825115441811434,286.94249381986276,-0.051653321515252225,False,False,False,False,False,False,False,False,False,False,False,False,False,False,False,False,-0.6669258117675767,0.9306461842893338,46.77392792223634,27516491.388981096,3.140411501971549,56.057790146622615,43.59051981723844,2.3109324757930807,1.5677015482990129,70.02466866107656,23.76542203479995,-0.19368950120751116,0.0,1.078399743192223,42.01089080166657,66.38446887865649,,91.2638386479568,1.0,0.044953147222294196,-9.348029314397323,12.72434613664353,68.97866769727558,1931830.9523809515,2808545.2158975154,0.40739640166575164,-6.9353815710666264
2020-06-04,71.16372614800272,73.74994368310054,65.97233312451534,72.68893432617188,17516800,0.0,0,-23709626.79664258,13.899960253567565,60.0,5.99492316361242,1.2072655874039062,262.47760124238795,0.05087204701442693,False,False,False,False,False,False,False,False,False,False,False,True,False,False,False,False,-1.6990444183349638,0.9633988533015486,63.18372259436746,32712454.81918246,3.140411501971549,59.10853691824395,74.81920116288742,2.6270911277452624,2.106466272309433,79.77448276496006,23.987866383798544,0.7243771278092721,0.0,3.283367097799948,34.826944320305486,69.31001421675946,,94.3660677952314,1.0,0.1655930332304492,-3.277978623210614,10.81693928772879,69.85576442657437,5115661.904761905,3499721.5896791574,0.5448554208208166,-3.9339482401364037
2020-06-05,78.99817559261042,88.06416098470048,78.96975673121452,83.93378448486328,23237100,0.0,0,-21579565.606266152,17.043802491463083,64.0,10.906070088639332,1.2783367959488827,314.8197341728252,0.057495042155691685,False,False,False,False,False,False,False,False,False,False,False,False,False,False,False,False,-4.332634735107419,0.9046160487378243,100.44860399001982,65367490.93394612,4.315105312301995,65.0103226598819,111.84509774060304,3.610511650197409,3.04742710330068,83.29308641293414,24.300816720161755,2.001214172642966,0.0,6.5404033273162065,55.793931519385964,76.19013451275374,,92.65802255284677,1.0,0.3431159697695708,5.305429058348299,8.420093222515032,69.00081376909964,9143740.476190476,4520095.950817609,0.6634844195942328,-11.156602530256457
2020-06-08,89.88303310139939,90.5272204086126,84.43586346297037,90.47038269042969,15401100,0.0,0,-6465877.225489417,20.106021867012622,68.0,16.110192015590926,1.2019615846618108,256.8123635233309,0.15790717370321622,False,False,False,False,False,False,True,False,False,False,True,True,False,False,False,False,-5.795316314697267,0.9987580715655747,100.47686618841965,70410821.1753465,4.315105312302009,72.41388994302882,151.2713275538473,4.030568558129451,3.8837345975765363,84.75423117175674,24.585908548481623,3.553955625011821,0.0,9.139141977683657,71.54662697616175,79.12038432057948,,94.92183371419333,1.0,0.5723751268212088,13.660989975868395,7.040213042697819,74.28944604887225,8062119.047619047,4794145.861822631,0.691466424030397,-0.14394808702695866
2020-06-09,83.36537414296146,85.56318826308166,79.32973014368113,81.91595458984375,12537800,0.0,0,-8599960.94473704,21.853334350662063,68.0,19.63753316968618,0.9419946681701611,160.3956458695847,0.18326389555270067,False,False,False,True,False,False,False,False,False,False,False,False,False,False,False,False,-8.617895889282224,0.8118401614522057,81.31475160084487,45030174.05893609,4.315105312302009,73.61714014740619,161.85759198755386,2.82805642655903,3.6386809268725258,75.96059339621584,24.84879914157441,4.9601770388563935,0.0,10.812679988545412,54.410713917192744,67.42550406183778,,88.96347464939265,0.6534789978465085,0.7924995983829828,16.668734363854316,6.3441222927938155,67.46179986181052,6008680.952380953,13895.578163526952,0.5115393978747619,-21.809025434538473
2020-06-10,82.9485482024308,82.9485482024308,73.89203906110197,78.63818359375,15585400,0.0,0,-7850024.703188416,22.45201308053753,68.0,21.210749540643903,0.8349170580481992,111.04995709075307,0.2624353307950265,False,False,False,False,False,False,False,False,False,False,False,False,False,False,False,False,-5.5518480300903335,0.7402194642862439,62.10897808205059,31299381.75301386,4.315105312302009,74.0065137399252,162.72818995352483,2.2831712635491392,3.0571477850702546,67.04871248609581,25.107893961780004,6.104773845938962,0.0,12.160059161492914,52.06081981947758,63.54943592924595,,82.64555578588966,0.5386305356130484,0.9815217795160706,17.698439066043562,6.505830768875989,65.08854680970406,2845585.7142857146,-1809143.356514006,0.38042803041785633,-30.11035912076548
2020-06-11,67.91436518941408,74.50780783753224,66.69230367053761,68.13224792480469,13082500,0.0,0,-16111832.319451129,21.855699999132586,68.0,20.76533484898433,0.610658244745725,47.510873434850005,0.2423700111340216,False,False,False,False,False,False,False,False,False,False,False,False,True,False,False,False,-2.8022163391113253,0.5106602797406108,32.1925157380289,7193198.161300875,4.551940229014249,73.81608659186121,153.39053745896896,1.0793348684027946,1.8269483163950877,63.75308243041701,25.299715970997337,6.772932304113321,0.0,12.900016464687223,21.383958972463,53.027226819752215,,63.787586875680724,0.22685595008320264,1.1011360940969588,14.848913804325935,8.776761796604852,57.833976917173274,1571190.4761904776,-2371432.6248174533,0.20916428364840034,-56.71785481765374
2020-06-12,73.65520949655738,74.08150685341384,68.98485315834756,71.97843170166016,10647500,0.0,0,-14251467.572518842,21.301980709256565,68.0,17.68942415059351,0.6687456937286069,52.17884399383215,0.2324197402474698,False,False,False,False,False,False,False,False,False,False,False,False,False,False,False,False,-7.218208312988281,0.5760070880158382,37.866282413477585,12015918.67598198,7.194999579851157,73.71656109695854,150.96467009712475,1.3526547146684957,1.1664211988435893,67.36791798598281,25.46029689234211,7.179141764661504,0.0,12.8980455277778,20.2405612373323,55.90567182412705,,54.40760835195524,0.21479393172386668,1.1799499000907818,13.692656381377624,9.997641948931925,56.12667939874864,559233.333333334,-1146731.2196365774,0.23519627297435264,-49.94896100571495
2020-06-15,68.08488973017035,71.86474995274816,67.09018624800478,70.47216796875,9850000,0.0,0,-10147304.633507058,20.49093212686351,68.0,13.571615834238592,0.6193679693566929,34.45954344585527,0.23469480580193464,False,False,False,False,False,False,False,False,False,False,False,False,False,False,False,False,-10.252993774414065,0.492082629944295,25.81095371267125,8179830.61238955,8.644416934292593,73.60370109322832,142.87476842492464,1.0798397385592946,0.553340391925504,62.20328894392876,25.616675446623947,7.349410943252766,1.0,12.297186946140503,24.50209388760313,54.497220762914,,46.442697541748686,0.16715499067286513,1.2202285515988034,12.35648969080629,11.61267158408379,54.56333880618399,-1310273.8095238097,394942.8811656529,0.1471703211351444,-54.005091551385135
2020-06-16,76.6866713484542,77.0087686119419,70.66162755637299,71.54264831542969,11006200,0.0,0,-18098053.181133226,20.356943892783324,68.0,11.410664591797143,0.6255919398268661,50.18295391695109,0.17811247041542863,False,False,False,False,False,False,False,False,False,False,False,False,False,False,False,False,-7.439884948730466,0.5191937813118749,35.27230540494046,8694414.923709039,10.60540395505302,73.5362005226842,125.68530698628652,1.0688402307148186,0.16531733502427137,62.97414155039069,25.809975784924667,7.370307748586763,0.0,11.469533322609688,30.88387432117141,55.35800021994531,,48.30783018143035,0.1962696847795317,1.234215690766789,11.585518972366732,12.888715729020921,47.76241635073035,-2129959.5238095224,-38941.54871349622,0.16939560311802115,-51.12245689860878
2020-06-17,71.34371094456387,71.38160516641243,67.74384659995513,67.89541625976562,8312400,0.0,0,-25717769.69640394,19.762040480845506,68.0,9.52811798338901,0.5314669552484239,18.81178098353999,0.13857970302905392,False,False,False,True,False,False,False,False,False,False,False,False,False,False,False,False,-6.388344764709473,0.4268234163252628,22.077619248359152,3121319.6861074697,10.965389228064168,73.50246315766758,93.71728154905657,0.6497634608099899,-0.36275325016707605,62.389654480083784,25.840413047220764,7.197376995964665,0.0,10.1527986983874,16.347399012682633,51.764982004569944,,44.64285808513958,0.07474073168263018,1.2154894363067,9.8784210612188,14.438728165804656,41.97032614651794,-2940497.6190476194,-256579.29426052803,0.08971346296687399,-60.943877294587246
2020-06-18,66.32284457531726,68.63433424456106,64.96815688657415,67.22280883789062,8103300,0.0,0,-23854219.010743234,18.77889801448178,60.0,8.641162468190174,0.5000444299952861,-0.4349021299435943,0.16738213990858122,False,False,False,False,False,False,False,False,False,False,False,False,False,False,False,False,1.8207641601562443,0.40978885638964996,21.02601794982487,1896796.9135664478,10.10331583608243,73.39759267091436,61.11253420003703,0.5216158455189058,-0.7602601973507053,62.02203932175901,25.78741810317011,6.880523423703498,0.0,8.52780198953372,11.836087985820178,51.10620923854134,,41.45592277449426,0.0,1.1716684612621098,8.326614207647227,15.819281187280971,44.86256044936318,-3494673.8095238097,-504040.25785221456,0.09907887147926941,-63.56589748332108
2020-06-19,68.68170203123528,68.69117739316985,63.471366015072604,63.58504867553711,13314800,0.0,0,-36589050.97055533,17.63647913820994,60.0,7.351980009627127,0.39789435040978494,-19.444608277277254,0.10626602465346457,True,False,False,False,False,False,False,False,False,False,False,False,False,False,False,False,4.941301345825195,0.3176583780427846,11.891473865206153,-5293609.646900843,6.872904327566175,72.21070118707277,16.985729766077554,0.12134989062840643,-1.2425907486339511,57.02365786195665,25.694042160591202,6.390718912612009,0.0,7.513430125853221,-7.903386411808653,47.57944799565198,,29.873555497594,0.0,1.0994744511786911,6.005657537946603,17.688334354856558,39.10534115633321,-3212276.1904761903,-800805.4967159401,0.05867558998611078,-85.86955872930955
2020-06-22,62.85560408352905,65.21446351824291,61.66196132180098,64.93974304199219,6269600,0.0,0,-31289126.654149055,16.4565190585548,40.0,5.990605060767159,0.40907339710580154,-37.90956571790696,0.13857241147126165,False,False,False,False,False,False,False,False,False,False,False,False,False,False,False,False,15.52491207122803,0.3109696113251362,-5.774412522333201,-3324038.011639758,3.651971608904077,70.61616578312525,-26.060485773911466,0.19625714336534067,-1.431363626737931,53.84310127359036,25.643189442685784,5.834553779846978,0.0,5.902118837543427,-10.660757866399985,48.99113999668511,,20.639999842862885,0.04475745382097107,1.0145284234204786,4.492372971082367,19.229149053660503,47.074765224615135,-3784066.666666666,-586954.6809422158,-0.05385635275146672,-88.6445442587806
2020-06-23,65.73549083021139,68.31223988446153,65.7260154686284,66.43651580810547,6921700,0.0,0,-34407699.46251735,15.673740303443354,40.00000000000001,4.416748573639879,0.4318856917407582,-18.718217332907933,0.0908795083596594,False,False,False,False,False,False,False,False,False,False,False,False,True,False,False,False,21.546161079406744,0.3512753400226581,-19.183137570704435,-1369145.1449474643,-1.4494193466110659,70.05921047556976,-51.932386678534556,0.2829290548155662,-1.4139149774622046,51.30996242850441,25.585827420078505,5.287603837756219,0.0,4.049479419327318,-20.846514647404337,50.57488509165321,,14.008910218458027,0.0949698216039917,0.9280209344653269,3.6649163801795344,20.498023795361092,43.76956704250314,-3435076.1904761903,293111.06984185055,-0.1044360153012216,-83.45916635653565
2020-06-24,64.35238541931862,64.57974350793522,59.35993585219926,61.680904388427734,10487700,0.0,0,-35568763.95300589,15.114482103145976,40.0,2.7070329135559703,0.2973648175494706,-69.43533818661606,0.047568760892768305,False,False,False,True,False,False,False,False,False,False,False,False,False,False,False,False,12.900788879394526,0.22321422880261274,-47.94972335700296,-8298613.822262708,-2.600432081411924,68.85727792999498,-83.10146839073792,-0.16427954146003956,-1.6639153108157694,43.647625625524746,25.544442601100435,4.650546598017678,0.0,2.682357197083332,-31.821992397792098,45.71795721741767,0.0,11.78103320646486,0.0,0.8276951476233984,1.5887082428525237,22.19234892830312,39.13033232251723,-3875364.2857142854,-591187.309480306,-0.25417367590608697,-92.55318976528905
2020-06-25,59.95676081548092,63.1208524359372,59.71045198836792,61.51986312866211,7432000,0.0,0,-35114567.7121797,14.595170917155555,40.0,1.4124454896341092,0.2793434486448213,-77.5679208990007,0.07149240228248509,False,False,False,False,False,False,False,False,False,False,False,False,False,False,False,False,9.37718467712402,0.2188776417987781,-87.94146145760253,-7284077.368022054,-2.600432081411924,68.41941429488472,-98.38017578800685,-0.20482729933783655,-1.7714349211324723,31.591115180936598,25.46966289523033,3.9747063963352227,0.0,1.1967774702017886,-24.898802148257484,45.558402108670755,0.0,10.305918144083673,0.0,0.7209204569300548,-0.1503506803572481,23.783254475555623,41.070970907096886,-2358961.904761904,-770127.1202048787,-0.4980221761674428,-93.06988944592416
2020-06-26,60.477791372030005,61.28302728941778,58.21366411449619,58.63996505737305,11016500,0.0,0,-43070925.220359474,14.332384563487361,40.0,0.0367775866410156,0.18091616693850474,-104.11859205779201,0.0405888248647644,False,False,False,False,False,False,False,False,False,False,False,False,False,False,False,False,-1.3276910781860352,0.13023248901599288,-102.45993636441683,-10775837.330069754,-3.173567950263461,66.49423753196666,-121.55618732001324,-0.49127808346029167,-1.9534876503758865,20.237763009173477,25.42307361741198,3.229518780489709,0.0,0.286331793565303,-25.430671999863396,42.68916648841353,0.0,5.311878361699012,0.0,0.6045115107988969,-2.4277328452529705,24.966244602526693,40.01731549933022,-680842.8571428563,-535113.8513634686,-0.653604400945805,-98.44128570368963
2020-06-29,59.34098684891348,64.58921680859646,58.06208770332837,64.5418472290039,9412900,0.0,0,-33794650.40688655,13.506290331327719,24.0,-0.6210354830794671,0.340121482927339,-78.4914095072913,0.054143678240146806,False,False,False,False,False,False,False,False,False,False,False,False,False,False,False,False,2.209188652038577,0.19959134572152373,-76.76672119095768,-1300171.0410106312,-6.062937878612104,66.41288622926679,-135.5902179508232,0.03740344801872189,-1.6078276969528893,27.302035182788728,25.52428564195686,2.6160440597343246,0.0,-0.474638093106555,-5.269752290814458,49.6829332864088,0.0,11.508704460958803,0.33526732805787696,0.5040356118332374,-2.4762236035863547,25.295830323609692,47.722367513234225,-815902.3809523806,431661.6024868758,-0.5232276462769923,-73.96271146750966
2020-06-30,67.60174459672433,67.73437075846427,64.01134841228729,64.7786865234375,10456500,0.0,0,-39940850.7561303,12.857741341312662,24.0,-1.1850600995228078,0.33589749249457657,-49.43224333025154,0.028184365857568873,False,False,False,False,False,False,False,False,False,False,False,False,False,False,False,False,0.46940727233887003,0.2068865351970636,-48.491088348619805,-760645.1662598449,-8.582845575563844,66.3271000698336,-134.34349065860349,0.04185382080379352,-1.307392960760746,36.496795568453464,25.62235932738724,2.117128937635234,0.0,-0.9333712373854495,-10.002642469433793,49.94690250575313,0.0,21.015335046860276,0.5491418368914674,0.4181916306063016,-2.4420401450648224,25.195395368166317,49.630009779489924,558614.2857142854,985742.0258844504,-0.32649601481986357,-64.54999768821973
2020-07-01,66.12390894008033,69.0890614374841,65.5933970426947,66.13337707519531,7979600,0.0,0,-45455211.43065927,12.470206919769543,24.0,-0.6464438234892569,0.38364402413019155,-33.032580850514606,-0.03941006202948832,False,False,False,False,False,False,False,False,False,True,False,False,True,False,False,False,1.685302734375,0.24861408838637533,-10.526248990993565,892288.2470353673,-8.383903553406718,66.32467982753525,-120.80351557876183,0.14810209350093273,-0.9767353311328708,44.25224601526459,25.657394892208423,1.7445744824868497,0.0,-1.5778492264771617,-6.156743887145163,51.51375303409532,0.0,34.69576942896352,0.6676943958730209,0.3490585197695959,-1.9850097342730533,24.412532341417393,46.6378994189618,-89192.85714285634,205244.7678537532,-0.08032454487544394,-57.39998255737988
2020-07-02,68.02803649918314,69.11747179282415,65.06288436665284,65.18603515625,6470600,0.0,0,-51532745.791465566,12.009908858402184,24.000000000000004,-0.08133189718805056,0.36633797013396247,-35.63219861450172,-0.12790756654779764,True,False,False,False,False,False,False,False,False,False,False,False,False,False,False,False,-1.5867843627929688,0.21943380048965846,-14.84034036983614,-110877.3055021906,-8.369698375736697,66.3086957025655,-102.34456891212223,0.06424862533976308,-0.7891523536649165,36.865662475802594,25.625198699668537,1.443533462968912,0.0,-2.568229986363601,-8.885068289831183,50.32729726029817,0.0,38.549998546950626,0.6029071762836307,0.2904180723801863,-1.9009093452750196,23.91168864619444,42.23472691483253,-771609.5238095233,74184.64272244525,-0.12005378654704513,-62.40002411354834
2020-07-06,66.04811535227816,66.87229115333733,63.480841557069624,65.29972076416016,6075600,0.0,0,-51091496.75867402,11.276976797769004,20.0,0.5016680994332745,0.38954273138835127,-44.54981423496294,-0.14729180561353117,False,False,False,False,False,False,False,False,False,False,False,False,False,False,False,False,-1.3276885986328182,0.22293557603889724,-15.352726593170981,3634.9209151145187,-8.369698375736697,66.29457883635052,-88.49648774417463,0.14541807445701022,-0.631568270145953,38.20091062017322,25.603261542035526,1.2025897654217443,0.0,-3.8138046819564257,-3.823079139355186,50.47471128231881,0.0,39.466666120963176,0.6145431346634253,0.24105597408832388,-1.7927143621950952,23.287476258714683,43.62508296238543,-1962309.5238095233,-82093.55985286093,-0.11836676676691416,-61.7999949661821
2020-07-07,63.94503948758427,64.09661638375822,62.107209373188226,62.457725524902344,5294900,0.0,0,-54520566.42646932,10.610741318501013,-56.0,0.568122423664434,0.28584733952467156,-72.73635390539134,-0.2525771083977237,False,False,False,False,False,False,False,False,False,False,False,False,False,False,False,False,-3.5648159027099666,0.15983497867742805,-38.87087840197563,-2146610.1524079293,-8.606533292448937,66.22282514491177,-80.9391578585269,-0.03849101775177371,-0.6882329050485777,29.95909313088272,25.455550960628287,0.9394198193885093,0.0,-5.321292251822402,-7.088491830919162,46.740356576348034,0.0,36.26715346465246,0.44637201810930766,0.1909432693617601,-2.6388427899942597,22.707340865382438,40.8956796398034,-2449259.5238095233,-219850.3689965013,-0.34464890846850516,-66.99852052631202
2020-07-08,62.524033405857665,63.281903368477266,60.9893499839656,62.249305725097656,6884900,0.0,0,-53837774.14002089,10.20831800530505,-56.0,-0.4314821774047175,0.2772902785064208,-82.79959888823797,-0.24505246995624086,False,False,False,False,False,False,False,False,False,False,False,False,False,False,False,False,-1.2267890930175724,0.16825285467655404,-27.813686773885756,-2044944.3420175528,-10.704874307894222,66.07254884784588,-75.60976278917894,0.027200651688831717,-0.7065767781356713,30.546142630688166,25.357814926968466,0.6684897173840401,0.0,-6.623273259661005,-2.100718609583057,46.46883532733928,0.0,36.35880193119206,0.42831115309025847,0.1415102598448693,-3.4194954206570136,21.795836246753918,44.45398753201653,-2209195.238095239,-253421.05534556764,-0.23792922593676624,-62.12507871392953
2020-07-09,62.094672398965066,62.23964198042492,57.86160264905483,58.973026275634766,9286300,1.3,0,-58409172.12917974,10.412312561085558,-56.0,-2.0631630303225137,0.0723324500978776,-125.67998075973352,-0.2835534934479942,False,False,False,False,False,False,False,False,False,False,False,False,False,False,False,False,1.2532415390014648,0.058046377658929046,-25.91083872193678,-6099168.5576646505,-10.704874307894222,65.90088916067195,-65.79616217872773,-0.27635663998539123,-0.8941135283327766,30.497436227222707,25.086994010847363,0.3231919431419994,0.0,-7.250722833662389,-9.188081884615935,42.30817082692947,0.0,26.916856838026177,0.0,0.08452994773696573,-5.200132789081322,20.902358247942953,33.705677782762294,-1223461.9047619049,-511727.3931204788,-0.2115595509062408,-90.12583024567975
2020-07-10,58.470472794107174,62.08500904771965,58.28684784313353,61.83373260498047,5824100,0.0,0,-53355686.67202231,10.601736077167459,-56.0,-3.6551266344587674,0.291235260813026,-92.95777713990361,-0.21774034375660972,False,False,False,False,False,False,False,False,False,False,False,False,False,False,False,False,-3.1874441146850643,0.20745263103818146,-23.26447293733722,-2847710.2304636566,-10.704874307894222,65.87880898406112,-55.084759796598334,0.09768230542746342,-0.7841801488791666,37.87372630928659,24.75665861392571,0.01947853475977021,0.0,-8.080719534343368,-6.928092400901381,46.78824795665497,0.0,27.679500775365543,0.48666961294833666,0.033390594499554255,-5.583557912304659,19.423112246045793,41.885080350564905,-512011.90476190485,-206232.99474438257,-0.1865612435982681,-64.71058871429392
2020-07-13,62.60689426453714,62.954818324002424,60.11344464958552,61.55345916748047,5124300,0.0,0,-53285973.32524673,10.561865305122284,-56.0,-4.65708838506368,0.2890001166146855,-68.16248120904517,-0.2358239852536576,False,False,False,False,False,False,False,False,False,False,False,False,False,False,False,False,-2.8272367477416935,0.19281477611786302,-7.227440469264435,-2646066.651223313,-10.704874307894222,65.76548908409545,-41.28708307996294,0.11512938159496816,-0.6922238301578437,42.95807181233837,24.332614351230646,-0.2495819856315521,0.0,-9.144069264761978,-0.20662022097583943,46.4080082568678,0.0,25.987657309694345,0.4453642732935368,-0.012591864127262792,-6.00134923224062,18.006470924167036,42.6006997611188,-1017071.4285714282,259292.77888374514,-0.04559114140834686,-67.20060911094312
2020-07-14,60.963924571935316,61.8144015000205,59.311285308512474,59.852500915527344,5240500,0.0,0,-56260305.73927246,10.690928841261776,-52.00000000000001,-5.324271039617756,0.18360329013781415,-87.84847546209234,-0.28656851783162607,False,False,False,False,False,False,False,False,False,False,False,False,False,False,False,False,-5.176151466369632,0.10397874392123976,-20.098208685337323,-3541467.3752428903,-10.704874307894222,65.33819871352866,-37.203747038646036,-0.05847259037325329,-0.705442754756172,36.98694732838508,23.960704095710916,-0.5257184485917346,0.0,-10.283116814248908,-2.710282709257104,44.067370479924094,0.0,28.592149326730663,0.19110140058552946,-0.05827924140924397,-6.965144080403881,16.74117484444711,44.56157480129218,-2245585.7142857146,-168042.0102350887,-0.193742466289603,-82.3123541945708
2020-07-15,62.37494430653286,64.4818143978664,61.688762826466956,64.35617065429688,7163100,0.0,0,-49741661.222141996,10.13076475388742,-48.0,-5.279990103561339,0.586807198922618,-2.629436634828268,-0.20146015243401422,False,False,False,False,False,False,False,False,False,False,False,False,False,True,False,False,1.085054588317874,0.4803673665669826,4.877692615473364,1573061.7791889552,-8.222858235128747,65.33213460968989,-33.06758083785752,0.6044955338590338,-0.3863178164534205,45.090769501298716,23.640439011417616,-0.6763703037988822,2.0,-10.982435327170037,9.747968968486118,51.099857927516325,50.0,36.06214273519971,0.9550386822620722,-0.0882086204306129,-5.880515358981684,14.437845870929841,51.395686773252784,-1561780.9523809524,394180.5121402886,0.04260048744324374,-42.300608488886795
2020-07-16,62.819518792629545,63.409056405021786,60.50002739328663,60.78996658325195,5227200,0.0,0,-53926884.58480159,9.88174908766031,-40.0,-5.012714754879433,0.26315328428521506,-51.56501785419841,-0.18319260562088174,False,False,False,False,False,False,False,False,False,False,False,False,False,False,False,False,1.677166366577147,0.2601632887512838,2.1993024153167426,-1314698.7492903261,-8.038128524546728,65.10621833384518,-30.792500073502396,0.15832919067009485,-0.3897352374475759,46.04640450059355,23.287768552158553,-0.8295458727178393,0.0,-11.777599107890687,-5.813097713859556,46.15157426579807,49.97011727267309,33.80112206389021,0.41750791556418865,-0.11687855606688043,-6.323414731679171,11.830958321237114,48.896933838279075,-1369995.2380952388,249337.91042536253,0.020407217026522595,-73.98367112487162
2020-07-17,60.68365249329076,61.42782257638197,59.99747098215084,60.30673599243164,4932300,0.0,0,-56726299.47269325,9.767068467976085,-40.0,-5.0806192241113735,0.2359183433573584,-76.49926931647333,-0.21796279326108609,False,False,False,False,False,False,False,False,False,False,False,False,False,False,False,False,3.3776605606079073,0.21723185585631233,2.9449527943061087,-1467375.8198349979,-6.263477107037751,64.8892088193802,-32.41091168491845,0.1234371042923439,-0.3975003631483798,48.769594055769765,22.897949876298256,-0.9870509677965784,0.0,-12.655126259817688,-6.903428845208012,45.50850117269617,37.440234545346186,35.14630199062422,0.3476510527792023,-0.14474661437634942,-6.864764893309287,9.37261750073378,47.659380518321164,-1038142.8571428573,-328865.4811346358,0.03786191215012402,-78.27681441436877
2020-07-20,60.065122958471555,60.29706987469303,58.10321865564539,58.39315414428711,5644400,0.0,0,-60878791.67340344,10.094607311785532,-92.0,-5.635499742853568,0.08887243737758274,-119.12169710444019,-0.16968662271706966,False,False,False,False,False,False,False,False,False,False,False,False,False,False,False,False,2.689913368225099,0.047224384758108064,-9.06660163667116,-2800753.757525283,-6.263477107037751,64.46102351858742,-32.20607247538463,-0.13527653892056968,-0.4979591771572174,40.72105126076077,22.6047009751765,-1.18648860431282,1.0,-13.360042929120347,-11.703958384141453,42.95595002066672,24.91782249985101,17.487317645523415,0.07036808527254286,-0.17642637365778419,-8.034590026912932,8.641677630792591,45.98146548632256,-1275197.6190476185,-218309.16600760038,-0.09119577098236475,-95.27756152418921
2020-07-21,58.93436887673688,60.28740605242585,58.36416082670464,58.90537643432617,5214800,0.0,0,-63158624.137408234,10.398750523894304,-92.0,-5.859477683712974,0.17698305695710279,-101.34530104982558,-0.2242910824995949,False,False,False,False,False,False,False,False,False,False,False,False,True,False,False,False,3.1053173065185575,0.09273151383863784,-20.300105176441125,-2019055.1067222853,-6.263477107037751,64.29026712703237,-35.19991294111193,-0.0351099678747668,-0.4953062795220693,36.57260951587468,22.373559495257236,-1.386634844867089,0.0,-14.00447858957559,-9.634975814787904,43.863608621337406,15.527881136187556,11.906258481768552,0.1689668029032585,-0.20749747585921044,-8.766753239123904,8.721483567418455,40.092438865365544,-904923.8095238097,-133357.4028428287,-0.2921862566000891,-90.72684861613621
2020-07-22,59.011688306553125,60.05545681096816,58.10321909869083,59.94914627075195,4059700,0.0,0,-59541072.03507616,10.745238920114636,-88.0,-6.443862323379918,0.2993301649534354,-90.83704280875988,-0.1805196557052058,False,False,False,False,False,False,False,False,False,False,False,False,False,False,False,False,0.5876905441284208,0.1854626768518077,-25.741301642270376,-1125276.8907708526,-6.14266910374247,64.21314899002508,-34.5048861976227,0.18127767666066438,-0.3931130020924176,32.916110696848435,22.146635379755793,-1.5468414742615892,0.0,-14.85570484325735,-8.19387040372288,45.75761696883281,9.2685427838979,10.847285848285063,0.39235315161217266,-0.23334520045176285,-8.888799321209696,8.726379591441518,43.99197480214898,-915797.6190476185,117679.58584070507,-0.38919539302373674,-81.45373231481923
2020-07-23,58.973027060908635,60.587003568120366,58.57678104460225,59.72686004638672,3274200,0.0,0,-59068832.40106738,10.882095694462881,-84.0,-6.616061474366532,0.2902754750554896,-74.40621721645286,-0.17801140215053438,False,False,False,False,False,False,False,False,False,False,False,False,False,False,False,False,0.47697296142577983,0.16571420416382512,-22.41372764871482,-1068495.8429202524,-3.3290873809777324,64.17593138444545,-31.93328224820145,0.14627515230116014,-0.31378763950597,38.53516865457429,22.005560575941125,-1.6760900241095313,0.0,-16.00851025752693,-4.372342181155491,45.40626237021658,5.3566897725241045,16.17330570343054,0.35238874039094387,-0.2548594725236934,-9.080216913748043,8.701335282669678,47.829904035323636,-1477550.0,59795.13071384624,-0.3715878658329267,-79.29950195875277
2020-07-24,59.53357061993778,60.190759697738955,58.27718103710486,58.538124084472656,3115400,0.0,0,-61334576.218655474,11.093078141228355,-72.0,-6.1975912128961355,0.19613958222207287,-86.9456280349369,-0.20532858441160126,False,False,False,False,False,False,False,False,False,False,False,False,False,False,False,False,-2.650219535827638,0.060103882408078076,-16.31023557398262,-1444909.0104669407,-2.1970206941835926,63.9653802647702,-33.375549026062465,-0.042823442912727536,-0.31391518844824473,40.30029696032376,21.91896442285248,-1.8067905206930899,0.0,-17.354614430338295,-5.961804067364445,43.483336088693015,3.009671349222724,16.48859862956911,0.13366777597045076,-0.2757220231094352,-9.73284423115427,8.724219084588382,36.11024563782869,-1965907.1428571427,-74145.85185866445,-0.30526488952577646,-89.7809698377205
2020-07-27,58.44148185427283,59.90082595426355,57.049785561057945,59.88149642944336,4299800,0.0,0,-57093079.91089354,11.633722145442325,-72.0,-5.489434320923415,0.31809257127829843,-87.37093137880156,-0.11590367991805381,False,False,False,False,False,False,False,False,True,False,False,False,False,False,False,False,0.14841022491454936,0.2346523446169325,-14.335601182088302,-413317.3791280879,-2.3178286974788733,63.90094112421198,-32.529402367561005,0.1866556548427937,-0.2015268838600459,41.00352119464258,21.886011042431797,-1.8923830782733957,0.0,-18.40621144329855,1.5404842030023755,46.253422887794166,1.6406161787647924,23.00699325990715,0.4487480065801416,-0.2906952214565017,-9.590673603252233,8.65930193446366,49.93978835040381,-1814795.2380952383,36669.307035078666,-0.23976680448522003,-61.89854842380511
2020-07-28,59.50457843972402,62.887167778221965,59.29195735869347,61.988365173339844,5328400,0.0,0,-54428879.91089353,11.050993046387648,-72.0,-4.508534476470686,0.544999497295971,-9.22542928197974,-0.17651693465855278,False,False,False,False,False,False,False,False,False,False,False,False,False,False,False,False,-0.004189109802247515,0.4092399750402773,0.5619983726316212,1249476.4486013572,-2.8542076939011807,63.86308432310752,-27.528574264816804,0.5552238503799419,0.024676474333024556,49.2714887395246,21.985612145216283,-1.885465484114379,0.0,-18.87957285907258,0.2500780105694605,50.36257189939082,50.820308089382394,38.256811325080086,0.9161382770234978,-0.2940937355052652,-8.361426066079524,8.48766955345523,55.36161320620223,-1018883.333333333,286148.9729206505,-0.05244058036366217,-33.55004776323395
2020-07-29,62.423263059646274,63.42837614856206,60.54834723133379,63.38971710205078,3809600,0.0,0,-50721553.539264664,10.329771308291104,-48.0,-3.4434376135111577,0.7051373283561123,32.59151420149972,-0.09778441830802594,False,False,False,False,False,False,False,False,False,False,False,True,False,False,False,False,-1.6356988906860366,0.5253643009298673,12.43673864299755,1833635.5713179042,-2.844547822131048,63.857690776496774,-22.86011973102339,0.8376056142911054,0.2652782717360458,58.78263619452758,22.15564159379203,-1.7799988212382984,2.0,-19.38518737195331,2.983192105538778,52.93977979440344,75.4101540446912,63.28564438903829,1.0,-0.28466862957588773,-6.589494260987094,7.949031946851094,64.58522338463237,-396290.47619047575,273596.7199704194,0.1009566825627779,-14.694470645845884
2020-07-30,61.369835865482095,62.43293390971977,60.51935521805405,61.485809326171875,3311300,0.0,0,-50688105.29123224,9.669997504550015,-48.0,-2.796236832884034,0.5279318096140172,9.337345842792839,-0.04956264891896651,False,False,False,False,False,False,False,False,False,False,False,False,False,False,False,False,3.100349235534665,0.36759521915947946,9.692122661620298,671057.6585199435,-2.844547822131048,63.834402067538576,-15.95620977270292,0.5433671612669002,0.29075341259711696,52.13009077488564,22.22563876518355,-1.6640084597312015,0.0,-20.024626914812465,2.728889161957821,49.202059174336064,87.70507702234559,70.48113538239427,0.6256225612039423,-0.27227432361547255,-6.016427478820765,7.82173581025516,62.55959926665316,-546304.7619047617,-13332.31442278366,0.0688854794239141,-40.31207544373716
2020-07-31,61.18621014149242,61.756418205569084,59.43692690060948,60.2584114074707,5136800,0.0,0,-52186347.46967729,9.434825863006948,-48.0,-2.2020344118449415,0.3989739736594351,-23.03515920960844,-0.006269704800990359,False,False,False,False,False,False,False,False,False,False,False,False,False,False,False,False,-0.21947364807128622,0.3266606281125235,1.515797104322648,-325507.3825235027,-2.844547822131048,63.818455532357504,-14.367530550559138,0.3657816759187649,0.2225664766480101,44.27906255626443,22.31034764150618,-1.575738327228925,0.0,-20.102128925973837,-6.367313662644992,46.90300334783491,93.8525385111728,62.722133527695526,0.3953446139026966,-0.26166235565055485,-6.1370768178570865,7.7599452404524,58.0502406037049,-611064.2857142854,-201997.09283660096,-0.05075870456197029,-56.82705332733018
2020-08-03,59.156650926012915,59.71719603905564,57.9002614108825,58.982688903808594,4149800,0.0,0,-51391712.44103666,9.72146731514861,-48.0,-1.821563366165421,0.23672024375361803,-98.34959319878914,-0.0029340344126337846,False,False,False,False,False,False,False,False,False,False,False,False,False,False,False,False,-0.386852645874022,0.2600774815589517,-0.7620116517626775,-1035291.0772625767,-2.844547822131048,63.77613251987003,-14.984599821372996,0.17110521376858073,0.09565720120825583,45.09195995612615,22.38284831926279,-1.5394110478755287,0.0,-20.096318676291016,-2.9729867953921145,44.57179096871188,88.75844739732278,42.95620646160921,0.16184580313015373,-0.2561579373864612,-6.868511648242666,7.665096435570783,57.67235692853726,-419757.1428571427,-190397.16405546523,-0.09535073488386658,-73.99225184410483
2020-08-04,59.17598421183909,61.4954755308915,59.02135170301759,60.87694549560547,4097700,0.0,0,-49342859.3880139,9.290585625447916,-48.00000000000001,-1.5884759662541938,0.5416624577606479,-3.1818287889722625,0.05120126100331102,False,False,False,False,False,False,False,False,False,False,False,False,False,True,False,False,-2.221395492553711,0.5149549360724797,-1.535307752577827,221478.3960900847,-2.844547822131048,63.70936134641925,-8.656989593112868,0.571057868727776,0.14067733305472063,42.02338476774357,22.368667892020724,-1.4844799706783036,0.0,-20.01998896765854,0.9455154449834395,48.65277973598547,91.66221953099016,43.060260780255476,0.5706056537847554,-0.24798331893684736,-6.3835478520619136,7.704560653832978,60.51167165545871,61333.33333333302,43744.70608480186,-0.16304332506402774,-39.999912487798376
2020-08-05,61.72742243451252,62.413607648536555,60.18109734670445,60.40338134765625,3406700,0.0,0,-52071170.66530918,8.701528351416735,-48.0,-1.4835785874972274,0.48056960006198396,35.532449635575304,0.018091844396841247,False,False,False,False,False,False,False,False,False,False,False,False,False,False,False,False,-1.6168769836425767,0.4512355724440977,7.822746354262034,-40631.51518258502,-2.844547822131048,63.68519634572281,-6.902101003178302,0.4893633400443462,0.13967003681069257,49.14102121308044,22.377943602171666,-1.4298170198078815,0.0,-20.104348089642777,3.4425734194833026,47.707103886247864,95.83110976549509,46.19454917599287,0.4758849032141395,-0.23935043228204578,-6.226978745140407,7.502168453178516,54.33916283632384,-385330.95238095196,105098.69563515662,-0.039766115774444555,-47.42418814011799
2020-08-06,60.606335800361315,60.606335800361315,59.13732512415581,59.14699172973633,4865100,0.0,0,-56872242.53594083,8.387419175988194,-40.0,-1.6006350812549783,0.27253906142388545,-53.84348973985611,0.01648620322872912,False,False,False,False,False,False,False,False,False,False,False,False,False,False,False,False,-0.5818054199218778,0.28218488043151735,7.320683240096621,-908035.745891103,-2.844547822131048,63.64898227629806,-0.847735753681107,0.2266239701924101,0.05959001553587251,49.26001395011926,22.35939454664179,-1.4080368858523096,0.0,-19.751210228335303,0.41017528455918456,45.19709440171465,72.91000081650873,48.48491090388137,0.22447742317717034,-0.23423639502076543,-6.761701759206475,7.344234561386108,49.01234006490716,-142097.61904761894,-127694.87546901769,-0.05081782703653315,-67.1211666604393
2020-08-07,59.1276618253503,60.442039984389545,58.4801356646193,60.10377883911133,6391300,0.0,0,-52684850.68378552,8.33254939910954,-40.0,-1.6330407363949817,0.44297333107366177,-46.303970461592755,0.007152349105437212,False,False,False,False,False,False,False,False,False,False,False,False,False,False,False,True,-0.7175939559936495,0.41092322770976525,10.619198491774261,95271.28240025986,-2.419309897218767,63.58661350076269,6.579891434991197,0.43530186726314896,0.07525061979853642,59.09743507445963,22.3361914683185,-1.3796983210919302,0.0,-18.58582514037343,0.25793956708073634,47.463957656524215,48.946669308896155,44.444485118657475,0.4209427657701211,-0.22828602779620216,-6.615039992224238,6.787683866710479,46.96013389051679,569085.7142857146,2194.3878708565317,0.015887081592404928,-52.12118984347004
2020-08-10,63.032136783236645,66.83996824850456,61.67909958568555,63.27375030517578,18253800,0.0,0,-59658210.43032984,9.241253117808041,-11.999999999999996,-0.5670362125895849,0.9284815764077392,193.63962945362215,-0.05959711813092632,False,False,False,False,False,False,False,False,False,False,False,False,True,False,False,False,-1.992344474792482,0.6357353016607612,19.97863327819033,8347950.405949838,0.4090764724958973,63.57472887875831,19.33998882142903,1.069928166172745,0.291167382448144,66.91461127471837,22.55031188061005,-1.2621899659502198,0.0,-13.723954656461352,5.938517872920792,54.220405114838314,74.47333465444808,48.110391220722185,1.0,-0.21165688243562955,-4.514729647001704,6.127212001009632,48.722521837944676,4586761.904761906,1066123.6370712777,0.19630502350464307,-36.42646983392388
2020-08-11,65.87351294818413,68.60857236236046,64.58812726549829,64.89739227294922,13635300,0.0,0,-71195771.96879141,10.499449267881321,64.0,0.7133268462940734,1.0555300185423966,233.59975017431861,-0.12951694099396643,False,False,False,False,False,False,False,False,False,False,False,False,True,False,False,False,-0.9012166976928739,0.6789299644325091,25.750949834803496,10318078.2512686,0.4252379249122811,63.61752930009191,30.954746656835475,1.321209195795414,0.5219353466496102,71.14998900295454,22.87760626117716,-1.0501548020272518,0.0,-8.441126929678868,10.863464260145928,57.252816736101934,87.23666732722404,59.78177892195225,1.0,-0.1830031754295304,-1.8062535250131044,5.722503600956394,45.78672416023185,6826190.476190477,1312625.1133829823,0.30609843813019477,-32.10700355674909
2020-08-12,65.52559587243753,66.627353039674,63.41872548056318,65.5545883178711,6876100,0.0,0,-68917549.01603161,11.217197098208805,68.0,1.3686642111451093,1.0945777432090211,180.3872481352853,-0.1667037973139945,False,False,False,False,False,False,False,False,False,True,False,True,False,False,False,False,1.1457311630249052,0.735786800380709,18.296362816456842,9489630.7474427,0.4252379249122811,63.66394647643271,36.69642505569817,1.4284032657921357,0.6870486010245918,64.2044512475937,23.204983757932965,-0.7714300786530787,0.0,-4.626559352665353,9.47386459373502,58.45245666589529,93.61833366361202,68.34840221579924,1.0,-0.14501332874989206,0.8010533462011283,5.248297254357758,48.135462342448704,6730511.904761906,419522.04854780436,0.19903967246259846,-26.421319961929104
2020-08-13,64.91672156588287,65.96049378664252,63.52503264499648,63.8052978515625,5499400,0.0,0,-73151241.71269317,11.88367722637004,68.0,2.2449945558670734,0.8373907674591852,128.07108027413085,-0.1667306187312747,False,False,False,False,False,False,False,False,False,False,False,False,False,False,False,False,2.3963165283203125,0.584448213003055,18.93623375727584,6759676.642034103,0.4252379249122811,63.66766958145009,40.10285544042042,1.0569363533241907,0.6472129756995451,62.24042734075728,23.391805106089443,-0.5092714385135779,0.0,-2.215691103341964,2.9310866210810937,54.10039057848101,96.80916683180601,66.63883259387569,0.6864656074602116,-0.10756784387796227,1.850141129673295,4.71333038492982,43.92060691327244,2308759.5238095233,-77116.49808597197,0.19977429269155456,-41.555178699694494
2020-08-14,63.18676323090404,66.15377687398988,62.98380876490968,65.89283752441406,5334300,0.0,0,-68695139.04752137,12.27869982961053,76.0,3.1247576984593124,0.9952224561053683,125.89097424508077,-0.10344370047014922,False,False,False,False,False,False,False,False,True,False,False,False,False,False,False,False,0.21310367584228374,0.7650501834984642,21.79094038544545,7384803.247013816,0.7151750517806761,63.85293300669365,44.67495168333719,1.4004186557649592,0.7243900190599784,67.33426873260271,23.54687734125452,-0.21712637422890432,0.0,-0.8556980910438275,3.9487799233013146,58.10880785031961,98.404583415903,68.88750014249183,0.975242627185711,-0.06529888494722338,3.962577786520769,4.331551853666471,49.77112832695947,-532133.333333333,27775.45091041719,0.22543721751997525,-25.361000910900646
2020-08-17,66.05713294353436,66.09579199040842,63.95992942146669,65.89283752441406,4441600,0.0,0,-65097640.69457365,12.645506532619555,76.0,3.1695345724050057,0.935014246321095,116.82098939831089,-0.03684548900552211,False,False,False,False,False,False,False,False,False,False,True,True,False,False,False,False,-1.3892784118652344,0.7650501834984642,10.768425217596457,6329831.354583271,0.7151750517806761,64.12401766939135,50.16971338014841,1.3393758926757218,0.7359896516678561,67.11962249713255,23.656279813222888,0.07830667642850644,0.0,-0.4482756814249276,7.167553369694859,58.10880785031961,99.2022917079515,69.24093982616797,0.975242627185711,-0.02148110123932962,5.6808545544447275,4.218463805632547,53.55892534716535,-1280290.4761904757,174524.1108786611,0.12978869371355795,-25.361000910900646
2020-08-18,65.11001475511316,65.23565113247841,61.7370883558802,62.945152282714844,8189200,0.0,0,-67631331.42327586,12.062009464974892,76.0,2.61732943613724,0.6155316297975387,47.43796975891102,-0.03807353265887446,False,False,False,False,False,False,False,False,False,False,False,False,False,False,False,False,-2.8669897079467788,0.510033347184202,1.2110251569050234,1977114.8780251984,0.7151750517806761,64.09820468685382,45.6154737528502,0.719619203745667,0.5160867066662025,59.90931378562477,23.82706893841602,0.2855003359699273,0.0,0.22147611367904457,4.458698482899343,50.83821296106927,99.60114585397574,65.46330600654585,0.45144967316869644,0.012206674593409593,5.105274673750112,4.366207228023951,48.67162964238636,-696519.0476190476,-366340.0285710779,0.012165175210409163,-52.88808015856088
2020-08-19,62.935495811847375,63.43804871681632,61.60178807567456,61.737091064453125,4962300,0.0,0,-71862347.41470681,11.466676575787757,76.0,2.258508523475676,0.4783326797797756,10.794477192228639,-0.10408407787952863,False,False,False,False,False,False,False,False,False,False,False,False,False,False,False,False,-1.0621303558349595,0.40551881300094444,0.7708759502411348,838275.2978244377,0.7151750517806761,64.06653724431136,40.18243566544496,0.46443866671380274,0.2724525818172609,58.86004897143218,23.924303999635924,0.3953403210116616,0.0,0.256172854360912,4.669848411177938,48.17769312546159,98.83481551728983,52.527103217292826,0.25977876244663084,0.03379190221721786,3.831765151046877,4.525926220351562,46.35200003723562,-938447.6190476185,-461577.8978267589,-0.009233368549053877,-64.16960927865972
2020-08-20,61.20553802124902,63.254415930585424,60.7899624762207,62.693878173828125,4220400,0.0,0,-69561799.90324028,10.709499861300245,76.0,1.8634522173551815,0.5665306445398943,6.4565224887917205,-0.08793655191920566,False,False,False,False,False,False,False,False,False,False,False,False,False,False,False,True,-1.6840454101562514,0.4882945511317994,1.531427062777967,1295382.3004789823,1.8700884575813745,64.00964177314872,36.53491588056068,0.6195438225610675,0.16425050484416948,59.33333375559277,24.001801671150698,0.46170921193576386,1.0,-0.3123526398415192,2.9845989535625033,50.392005814721216,98.04446584394003,42.56923228544925,0.41930372598702825,0.04928113160216598,3.3969955637861116,4.389943244246143,51.86596027027591,-946723.8095238097,-29831.089525962627,0.008971633981655125,-55.23461370643136
2020-08-21,62.62622704334878,63.34140099466801,61.75641690068515,62.355613708496094,3014100,0.0,0,-70296963.34447064,9.969778120051734,76.0,1.5367594843984023,0.5090807324149741,9.347933948255381,-0.07517330654164997,False,True,False,False,False,False,False,False,False,False,False,False,False,False,False,False,-3.1313095092773438,0.45902984791105017,9.101472652424798,964675.8397023741,1.8700884575813745,63.96912229676256,33.19172449162463,0.5236612000250177,0.06358521724909022,63.0802510579605,24.083152235401034,0.48772211164481477,0.0,-1.5832993919113,3.231991847614659,49.585326117919514,95.7722286928693,39.61970525543287,0.3310533223269938,0.05885089723402989,2.811899773813714,4.043545335806006,49.770121821133365,-2590635.7142857146,49144.2202158471,0.1213970028376673,-61.73666124861004
2020-08-24,62.8678391261237,66.22142849787967,61.71775644301457,66.20210266113281,5515800,0.0,0,-64828501.36066263,10.33241930046459,84.0,1.2995858493010957,0.9069122104749114,82.26177653178148,-0.06422688207116525,False,False,False,False,False,False,False,False,False,False,False,False,False,False,False,False,-2.4905527114868136,0.7752708422334795,11.135027759564139,3857788.400452551,0.8794787962381463,64.04059379630641,31.08582783624502,1.1736182149434236,0.23983714715717402,63.74967700494915,24.304560303513583,0.5832463984055681,0.0,-2.5680670842761115,11.928097651413616,57.84847484103993,95.39014230718715,53.089729228175,0.9544349062049046,0.07605138752309507,4.802894006556247,3.9022913422735295,59.96253895856832,-2507428.571428572,323986.89844411885,0.11446445835266139,-23.759537360433306
2020-08-25,67.0332579522979,67.78709098163732,64.28852443370906,66.34707641601562,5053500,0.0,0,-63935055.775907926,11.169384968834981,88.0,1.6951034116630623,0.8750631245343795,117.0735473825007,-0.07910994935271329,False,False,False,False,False,False,False,False,False,False,False,False,False,False,False,False,0.4614831924438505,0.7888092756558676,16.49924197357083,3411336.467573657,1.4593477672198105,64.07788485580348,26.47322432339404,1.1578442234739639,0.34364731693128114,64.49518248280445,24.562400475993023,0.7190309488548281,0.0,-3.446622788639879,10.38752919948121,58.12704322031352,96.78256671303781,64.05853924830453,0.9754504298640616,0.09790254173196113,6.487783918133069,3.693585952580966,58.057342605955554,-2347357.1428571427,351315.94740244723,0.15747179399202083,-22.32818364604277
2020-08-26,66.18278236442566,66.30841874744524,63.54435933333517,64.0855712890625,4363500,0.0,0,-66589780.37349746,11.593602472198839,88.0,2.032992636796415,0.630671522600352,59.14339254032604,-0.13144872209805306,False,False,False,True,False,False,False,False,False,False,False,False,False,False,False,False,2.050332450866698,0.5776176939768735,14.545001263533452,1514277.3119974264,1.4593477672198105,64.07799820542591,20.062969059667118,0.7239473375932897,0.24225139223248604,64.57946402906497,24.792536759603617,0.8144210550363993,0.0,-4.408094464301469,1.2830296607538243,52.31850655350933,98.3912833565189,69.75194035317664,0.44178453243205634,0.11458433287436108,6.230439631909311,3.3574786698883914,52.915818337641966,-1861728.5714285718,-137667.6847576467,0.1665966586421378,-44.656457933993686
2020-08-27,64.38517056492044,66.78197244626033,64.38517056492044,65.30329895019531,4207400,0.0,0,-67573773.8848093,12.147365168782086,88.0,2.5865148895820127,0.7354210174439229,78.87525876652077,-0.13884630641987264,False,False,False,False,False,False,False,False,False,True,False,False,True,False,False,False,2.5166540145874023,0.691335689900847,18.119689520901918,2029875.890490679,1.4593477672198105,64.09702569901752,17.816111528910906,0.9070810773222446,0.2390359734304326,63.9580628135751,24.974265367288957,0.9079927648355568,0.0,-5.4208331176284625,0.6254591487111036,54.930138683475704,99.19564167825945,63.58030670694733,0.6571874409996488,0.13067544064936273,6.793086976969152,3.087086349890259,54.82829404978724,-2141869.0476190476,-68786.89030663171,0.209838153015788,-42.27443829912128
2020-08-28,65.81552608092589,67.55514649874033,64.70410233473667,67.49715423583984,3676900,0.0,0,-64046455.398944356,12.92265026324355,76.0,3.1674964266313097,0.9092665512142244,104.98189132571352,-0.09870739374293237,False,False,False,False,False,False,False,False,False,False,False,False,False,False,False,False,0.40542640686035014,0.8962097634672048,11.45360809985561,2892263.1203900645,1.4593477672198105,64.15310599226048,16.699813878960335,1.2435988534653029,0.35927612446758983,57.45639767572624,25.150888963133664,1.0476426518483322,0.0,-6.579127763888053,2.9632798676872776,59.25956455937037,99.59782083912972,66.28468961158968,1.0,0.15228181961396284,8.61945147607704,3.086699136716029,62.078903763750084,-1559528.5714285718,203472.23025290648,0.08763600242548175,-14.215034932115698
2020-08-31,67.46816285146492,67.48749606388893,65.17767120104803,65.57391357421875,4089900,0.0,0,-66733139.329966955,13.642557850957767,76.0,3.47039641702964,0.6981366967305537,83.29065821998762,-0.12774483792261815,False,False,False,False,False,False,False,False,False,False,False,False,False,False,False,False,2.163404846191405,0.7003823118311536,7.346542618298768,1355388.1057680398,1.4593477672198105,64.16126664737328,10.773036356032577,0.8290463895697964,0.28703033951392054,45.4451815425429,25.228677279726483,1.1584762325871423,0.0,-7.642550015639086,2.7718947833623178,54.33223098696845,99.79891041956486,70.62691056448811,0.5553699028374345,0.17026547594823385,8.658641418406422,3.1792502024785603,58.13355700855925,-968914.2857142854,6988.744631355221,-0.013401129571884662,-31.629795075298453
2020-09-01,64.41416392494467,65.60289827763512,63.689323387244904,64.94570922851562,3491600,0.0,0,-65639816.28837511,13.503818623686035,76.0,3.146150506092596,0.6127662257771094,31.299859351036087,-0.13638967613840686,False,False,False,False,False,False,False,False,False,False,False,False,False,False,False,False,1.9599666595458984,0.638358490737102,5.995268433245071,848412.9058787441,1.0341098423075294,64.17806988252073,9.254545510092953,0.6803849737752683,0.17991733441811697,47.81640569194531,25.168347291943977,1.2272360989207711,0.0,-8.782933888494917,-1.4373767035719405,52.78824719348353,99.89945520978243,71.1824480706742,0.41604471731321224,0.18272178556270313,8.227556769608315,3.335906760377803,59.33604464024382,-965764.2857142854,-149986.06271347354,-0.01964796087647125,-40.60782578056304
2020-09-02,64.40450508066198,65.7478757825326,63.74731595235073,65.56424713134766,3595200,0.0,0,-62704613.27199954,13.435198064204712,76.0,3.0282432253767837,0.662108226420604,37.54143516459476,-0.08885140220853632,False,False,False,False,False,False,False,False,False,False,False,False,False,False,False,False,-1.2457618713378906,0.6994279253686061,7.285229441386798,1044892.129076312,1.498006825704465,64.24988597778359,10.560325832509989,0.7568012322082492,0.13571938163613817,54.85695662048571,25.068778182623493,1.2784349990830282,0.0,-9.87842966765108,-0.4986739157266671,54.16924279759285,99.94972760489122,65.33147845245203,0.5406622615922132,0.19250290083104693,8.26931478822805,3.3474501943372967,57.414890013637724,-856983.3333333335,790.5452638831412,0.0002547973432376338,-31.767943786782183
2020-09-03,66.20210675632254,68.59891620145766,64.62678920620152,65.71887969970703,5310100,0.0,0,-65094811.800324835,14.422025927315731,76.0,3.0605639966551195,0.6670358710909319,93.75800040840132,-0.06845198881121385,False,False,False,False,False,False,False,False,False,False,False,False,True,False,False,False,-2.7824174880981474,0.7146950957102899,17.98991855340969,1012923.8822432841,1.9039194356146254,64.30934681497502,12.765655851788082,0.714525274840336,0.10335760789328285,54.91528579914762,25.12494297875149,1.3167598000019023,2.0,-10.28713648215614,4.406578293009979,54.52734894886494,99.97486380244561,63.581007325067425,0.5729768533475679,0.2001570464861399,8.40247385595312,3.4207037032607217,51.50886331394106,-448521.4285714282,46764.219719312074,0.10553947789029972,-36.881208457452246
2020-09-04,67.16855411998722,70.04859033233164,66.53069093009105,67.88372802734375,6858400,0.0,0,-66677523.915738046,15.776537505050868,96.0,3.2252291111366986,0.9558885617966514,190.25343512737464,-0.11603625902200297,False,False,False,False,False,False,False,False,False,False,False,False,True,False,False,False,-2.21462783813476,0.766178926442213,22.556523396691894,2989277.0091033396,2.8220489612263435,64.5980033102437,15.80931868694207,1.002744878480232,0.20816268015319928,56.76512774830887,25.226228341341713,1.394864374115235,0.0,-9.716728016042579,9.956149304918782,59.31971441601316,99.9874319012228,69.3229134666622,1.0,0.21238017335232653,9.912108943230002,3.420703703260722,53.14925852501686,501116.666666667,238446.65083389825,0.1593860450380976,-23.3821073557787
2020-09-08,67.12989964661763,68.37662629713314,66.48237718134926,67.70011138916016,3899300,0.0,0,-65563427.359866284,17.005551024854608,84.0,3.2062680766184357,0.8793636497864095,135.4387454698868,-0.0555867260342134,False,False,False,False,False,False,False,False,False,False,False,False,False,False,False,False,-2.7742103576660213,0.7463469771472209,24.275823150348355,2459955.099621536,2.8220489612263435,64.66145047398926,12.976243533457826,0.9672254194300263,0.24309922652287663,60.32670214060003,25.290248568992876,1.4856687190309366,0.0,-9.499316511559122,7.985202640442027,58.75411727931674,99.9937159506114,71.45712730049696,0.9492374747860112,0.22608629759704457,10.998039294154374,3.2057801961142403,55.11804718442927,908904.7619047612,215375.73899523664,0.2039491058837718,-25.365302285277913
2020-09-09,67.59380582426718,67.81608615033252,65.68022335689322,66.55003356933594,4332700,0.0,0,-66367223.9873963,17.66055495536834,84.0,3.401123425594662,0.694351952063648,84.73996481653245,0.049813920331481985,False,False,False,False,False,False,False,False,False,False,False,False,False,False,False,False,0.9896465301513615,0.6221301020661972,24.431170715113584,1396684.0611109752,2.6045938613128072,64.6718752349272,9.816067685135351,0.7648749205581872,0.17018073585830162,60.625375850652645,25.300117727132598,1.5481197036379262,0.0,-9.359809302409527,6.72661146508505,55.203724435785354,99.9968579753057,71.15520018852095,0.577170146270632,0.23613412831215438,10.953715208282649,2.776975086331211,50.888825438382796,628076.1904761903,-84150.25895198822,0.21701400262135928,-37.78698979338028
2020-09-10,66.28908467089886,67.48749309074773,63.78597203485246,63.969600677490234,4586200,0.0,0,-70498390.68181828,17.230685525194218,84.0,3.4008672277122542,0.332755299189845,-1.6435840328329387,-0.016703419269145984,False,False,False,False,False,False,False,False,False,False,False,False,False,False,False,False,1.213869667053217,0.3434243443720321,20.09984608659952,-493468.13741670176,2.6045938613128072,64.66843750276605,6.755305586232026,0.2908411351827442,-0.058186490194504725,60.094145514071094,25.38264756895028,1.5233314400317448,0.0,-9.173588389803552,-3.372252381574699,48.17029076624836,49.99842898765285,54.62598200102309,0.0,0.2348418843691831,8.805208391150215,2.8987584743525145,46.438036398436466,-155452.38095238153,-251429.9879150089,0.1798080188255795,-72.96976191827225
2020-09-11,64.21121237669372,64.23053821425506,61.253861521286304,61.99803161621094,5096600,0.0,0,-73046687.52564968,16.30252123071657,80.0,2.5235534399020025,0.08842254597489357,-127.05167241052474,0.0011094577302761795,False,False,False,False,False,False,False,False,False,False,False,False,False,False,False,False,-0.9572721481323185,0.13048036477596175,6.046024206317079,-1858443.957459468,1.3868629283335139,64.54933012337477,-1.409115969508349,-0.04718893199383901,-0.3330256986666911,53.766252323798035,25.516894604946216,1.3933655023641882,1.0,-8.777297061621677,-6.554990867321569,43.59956389087814,24.999214493826425,32.56826503189351,0.0,0.21952261065952142,5.506232100638521,3.422568405543554,43.29452188624184,94897.61904761847,-334906.1082936097,0.00929368922467766,-91.53845319266664
2020-09-14,62.81951463999725,65.65122536409243,62.365280046692995,65.52558898925781,3529100,0.0,0,-69787454.0557353,15.424672071987187,48.0,1.5045421209814407,0.5679834430123366,-23.493317800739167,-0.011817268231035889,False,False,False,False,False,False,False,False,False,False,False,False,False,False,False,False,0.27881793975829794,0.5114825421902525,6.180512140283243,185491.28292327398,1.3868629283335139,64.56962391844785,-5.7987746028369855,0.5970086415925778,-0.2708846849409634,52.302520391813104,25.665040257635287,1.2874609937758539,0.0,-8.777479309341155,2.2470232709637727,52.31746798239888,12.499607246913213,28.021078906109107,0.5545687414113271,0.20597833583040026,5.357413116458062,3.546254249830898,45.81423814043388,-31061.90476190485,43719.07345044799,0.001897635656137986,-51.4285481707335
2020-09-15,65.74786895135465,69.42039735271857,65.41927810806955,68.6858901977539,6836300,0.0,0,-65461107.374522425,15.873891766934955,72.0,1.3164247556256399,0.9397336134629278,123.07585202118398,-0.003832884417118916,False,False,False,False,False,False,False,False,False,False,False,False,False,False,False,False,2.3330205917358455,0.8528183489221551,10.21537093359611,3245387.8355973554,0.2319495225328012,64.70391014366085,-5.55229539079955,1.1251195122208029,-0.023608560408954093,53.769243457783965,25.63989654825356,1.2763255558435038,0.0,-7.902873148942176,5.179816796297512,58.505582866506884,16.926475299012353,47.17949621418047,0.9482109571276331,0.203495699931189,7.375433761619801,3.546254249830898,52.28482493464055,591628.5714285718,530513.3174484943,0.06701037465133985,-15.4945099940582
2020-09-16,68.64723596049171,72.67734792977198,67.69044843236946,71.63358306884766,8906800,0.0,0,-60282718.130794145,17.110076831067193,76.0,1.7625282502018393,1.1338073895940017,207.70726538129983,0.07691170327707497,False,False,False,False,False,False,False,False,False,False,False,False,False,False,False,False,-0.024641609191888847,0.9121955904431022,26.298372052062096,6532405.411120278,0.2319495225328012,65.25763820947716,-0.0633306018656441,1.5494815138176907,0.31322968314442934,63.47649705474323,25.637990383903613,1.3925144642495637,2.0,-5.923664699088473,6.128301081486839,63.290904955589276,38.80219531184538,74.64664462952955,1.0,0.21708711126962246,10.787740761880004,3.4272472133816296,57.62441590169895,1537173.8095238097,711955.1988225855,0.24210066099879046,-9.137007946619429
2020-09-17,69.07247712747076,71.74955179521194,68.50226536254335,69.46871948242188,4973200,0.0,0,-62295680.57328984,18.257962962047127,76.0,2.405958629447042,0.8706598144008407,156.344940751693,0.10011476753578473,False,False,False,False,False,False,False,False,False,False,False,False,True,False,False,False,-1.0394273757934513,0.7300812310757914,23.353818219519816,4061161.839815568,0.2319495225328012,65.39718320679563,5.984487652982111,1.100311270889109,0.3615607874054273,56.53981670878252,25.610365598007842,1.5259913478849005,0.0,-4.533302289326304,5.939566049836042,58.00052997637728,59.57119831165361,82.42682856425354,0.7313349577448089,0.23368631533734266,11.727823994144536,3.4959430083244594,54.61943256967829,1963840.4761904757,231943.41791256657,0.2065482232520891,-28.087996366561534
2020-09-18,69.04347939670164,69.48804737298829,67.2555335130685,67.48748779296875,5821500,0.0,0,-66907493.26546921,18.74304205475867,76.0,3.3031968065591997,0.6406888045028644,78.356170808441,0.027319458056210204,False,False,False,False,False,False,False,False,False,False,False,False,False,False,False,False,-0.6605699539184542,0.5456850954934334,15.524527536965314,1833318.6798202922,0.2319495225328012,65.42401425347619,6.303643341909776,0.7224195347855755,0.2374224982177937,49.631416368009184,25.562232762447344,1.6122556046338883,0.0,-3.3272634575864046,3.913697447678514,53.58598653771675,74.87127130825358,72.44783507872073,0.5071479191803389,0.24501127601628866,10.972729475893807,3.8228885490019016,51.47733368159698,1472388.0952380951,-316324.64112941996,0.10340954750869702,-45.43149045065667
2020-09-21,64.82007417839291,64.96504376358128,62.19131792830303,62.693878173828125,7010300,0.0,0,-71377457.05458976,17.497798349006413,76.0,3.0769044311110605,0.09967342495084262,-121.68046071967342,-0.010681638942873703,False,False,False,False,False,False,False,False,False,False,False,False,False,False,False,False,-0.5228506088256779,0.12605754504790564,1.1582107999154518,-3229247.0620199665,0.2319495225328012,65.32308341717346,-2.351651797591373,-0.07477257059488464,-0.16832925439211066,47.895525011954284,25.487395294054227,1.5460975236082113,0.0,-1.9570179465077189,-4.377948475133404,44.717603643176,66.18789840282888,46.36208922919072,0.05677824321988412,0.23723722625548413,7.016981070969005,5.015891876517851,49.34233568472637,631621.4285714282,-663966.6651380785,-0.02002150948423942,-87.39424549520945
2020-09-22,62.83883851376417,64.82007224758459,62.577899166965274,62.92582321166992,6154600,0.0,0,-75622005.28914107,16.34150062223646,76.0,2.231540729713089,0.1618805752573573,-108.49814693479799,-0.1060337481467648,False,False,False,False,False,False,False,False,False,True,False,False,True,False,False,False,1.8058116912841768,0.14636177000583983,8.07452045109034,-2563993.348888383,0.2319495225328012,65.2438404382303,-9.889881368283312,-0.046565022745441956,-0.40821787875403703,53.98210258937415,25.429940408642896,1.3893653089101328,0.0,-0.7989114476392133,-4.250006239910935,45.19027354169062,37.736256231331616,27.270147018239225,0.08078218977493598,0.21735764359901139,4.192921211467473,5.89010743074717,48.40956327211374,835207.1428571427,-475169.0121702172,0.05756858004728971,-85.36382299941602
2020-09-23,63.38006413074179,64.55913935868928,60.61600470657439,60.78030014038086,4440600,0.0,0,-79692559.4409884,15.877649329316796,-20.0,0.674327866642642,0.017158132471710264,-141.54141891849457,-0.15573702824347524,True,False,False,False,False,False,False,False,False,False,False,False,False,False,False,False,1.900533866882327,0.013621653141457992,0.6218245596530839,-3558767.1205280726,0.0,65.06398251461728,-18.03618914683574,-0.37007037466772724,-0.6823653989527485,49.02063602921827,25.395566731914766,1.1280475128445586,1.0,-0.3126979009158763,-10.464109873431834,41.64336727979726,18.868128115665808,9.534698939840043,0.0,0.18338934980895166,0.6634377250607385,7.106649542376001,39.05938751271483,314521.4285714282,-128637.1644948155,0.005367571929509318,-98.6378346858542
2020-09-24,59.968472454252066,62.00769475558476,57.60065931852718,60.72230911254883,5337500,0.0,0,-77468601.85184088,16.253523242103032,-24.0,-1.388028635098081,0.062457378935418334,-178.87576714658468,-0.10649411848307186,False,False,False,False,False,False,False,False,False,False,False,False,False,False,False,False,0.9186191558837891,0.20705142054160336,-25.75995915794107,-3094589.976317415,0.0,64.96681875110922,-23.06455046681181,-0.3187865539290763,-0.8288377984102522,42.45752857679034,25.49482216414046,0.8097985333401774,0.0,-0.021058777280114738,-10.306928797355837,41.548444202823795,9.434064057832904,12.234494789629968,0.0,0.14101266646515348,-2.109276110044523,8.159732483457923,39.44338027185233,-245035.71428571455,-156499.55068053908,-0.18423698129019783,-79.29485794583967
2020-09-25,59.92015199270228,61.78540863192961,59.92015199270228,61.44715118408203,2601500,0.0,0,-75810646.81189528,16.60254901826168,-24.0,-2.9327627932350424,0.16170169376557883,-128.02740906712302,-0.08191956429980403,False,False,False,False,False,False,False,False,False,False,False,False,False,False,False,False,-1.4690063476562472,0.2551284280479192,-26.533093774069645,-2383123.3155444087,0.0,64.94441804228782,-25.156304691367634,-0.1688851983764154,-0.8357599118917141,38.77562575465494,25.511244141391835,0.48790355249398387,0.0,-0.6885293031415026,-7.667738258820574,43.28850465700975,4.717032028916452,15.860050057699278,0.08003052064677799,0.09679213829403203,-3.850323471249529,9.001393118850732,36.422676060613384,-1125338.0952380947,25961.543354725167,-0.22095444230199768,-74.48715719520808
2020-09-28,63.592678232082335,64.30785215093623,62.62622420043038,63.583011627197266,3771800,0.0,0,-75290402.52802883,15.98906135128792,-24.0,-2.931682629009991,0.3586800832322055,-51.952717627640524,-0.11172088257412796,False,False,False,False,False,False,False,False,False,False,False,False,False,False,False,False,-3.244868278503418,0.3967948442079123,-15.22312672070162,-891814.4962749162,0.0,64.92415029464196,-29.958476979583363,0.20540240166166,-0.662898979060532,43.95847215919327,25.515549863698396,0.23243660238498015,0.0,-1.5960196094701407,-0.6043324425956633,48.18348163489188,2.358516014458226,28.63248975991442,0.3051649722409714,0.05949500783837984,-3.867813053394039,9.489026712937836,40.18515771055736,-1339164.2857142854,162159.25709290398,-0.10569141880316624,-60.32051557920878
2020-09-29,63.13844768024692,63.14810691228831,60.78996393876333,61.84339904785156,3816800,0.0,0,-75697102.99673732,15.933834048344234,-24.0,-3.141516379818519,0.234601014341051,-87.72442235069798,-0.08930910367500239,False,False,False,True,False,False,False,False,False,False,False,False,False,False,False,False,0.4692148208618221,0.28141058283580767,-19.434809369827935,-1712948.6100708824,-0.46389806728001304,64.67872258385813,-35.7253629677204,-0.053412503660674224,-0.6322279251330056,44.44512650465099,25.37204924832958,-0.012071784529600976,0.0,-2.603119697628977,-0.24941528678943162,44.79232746239334,1.179258007229113,31.111128503054562,0.1491957739492272,0.02305385560969888,-4.914082101661005,10.154205960275924,41.713876961349605,-1809214.2857142854,26678.62692203556,-0.1381319672921616,-71.85894171641924
2020-09-30,61.99803060970752,63.90194632408271,61.5631255370419,62.510250091552734,4188200,0.0,0,-76493211.49388967,15.607208432503102,-24.0,-3.04515585524549,0.30303454285358356,-62.38788542552364,-0.10738843957024978,False,False,False,False,False,False,False,False,False,True,False,False,False,False,False,False,3.751288986206049,0.3256411868428313,-9.982016652898718,-1069255.1598851494,-1.5946502783918461,64.34104532145477,-39.80063102153118,0.08002052276774724,-0.5372706981420012,50.35611060505428,25.19864797381668,-0.22035247092571814,0.0,-3.4989385559901387,-4.6017730541871344,46.351059582235514,0.5896290036145565,33.461553796218304,0.22088646883269006,-0.009301266016346808,-5.314156013149629,10.598090066670514,46.77489108089418,-1251885.7142857146,-59265.59830553953,-0.06210065594209446,-67.43588131571687
2020-10-01,62.66487753942792,64.32717969782644,62.09467318485084,64.29818725585938,3426200,0.0,0,-73156000.17463055,15.145463994512934,-23.999999999999993,-2.3187519516101034,0.45342902247436323,-35.31307709242086,-0.10358399549871804,False,False,False,False,False,False,False,False,False,False,False,False,False,False,False,False,6.762284851074213,0.4442307001244895,4.319944496105046,-41385.80670906941,-3.8561520830953526,64.33823809104113,-36.967000943990556,0.3927584839333653,-0.3342283122979827,56.18084614744412,25.048324690459104,-0.34965854159304,0.0,-4.54034065906075,-6.388070285268012,50.39500733564239,0.29481450180727825,35.04274899343755,0.4068795723452497,-0.03214744925713699,-4.456330532212349,10.697665630071164,53.309431273668245,-1247771.4285714282,143158.14534628112,0.0832280540833692,-55.576929987551054
2020-10-02,61.97869512083657,66.20210194303459,61.90138440122843,65.91216278076172,5346800,0.0,0,-68530124.85651028,14.084251795920538,-24.0,-1.663752037078794,0.583715054353453,-4.929871902921833,-0.03403510652647107,False,False,False,False,False,False,False,False,False,False,False,False,False,False,False,False,4.587757110595703,0.5512817619669802,0.7306017238471034,1197327.070899062,-3.2376229933686957,64.36250999692527,-29.650107421417715,0.675453137694468,-0.08442411170946837,57.27547745738507,25.056442836942907,-0.38155470543762143,0.0,-4.944799908243135,-7.987064227384844,53.78178677869332,2.447819059690506,44.038454964476635,0.5626475639061939,-0.0427296173643799,-2.7078893999591127,10.868981645155532,63.37103071822565,-867607.1428571427,232209.4625958826,0.06388227863384688,-44.87182380330198
2020-10-05,66.40505874618005,67.00426292836838,65.15833210202881,66.45338439941406,3688200,0.0,0,-67043253.48865432,13.371549810452295,-24.0,-1.1718836047422343,0.6358601758410887,40.31662305756355,-0.003740935566559857,False,False,False,False,False,False,False,False,False,False,False,True,False,False,False,False,2.6780426025390653,0.5871796724835295,-6.2760601228389215,1311442.2856154211,-2.8365425007018032,64.50266345558022,-20.889863838851753,0.7897378647683644,0.11332611093695158,55.19436617580346,25.002117783633405,-0.3366164888870946,0.0,-5.4937072614099325,-4.340565229175993,54.89392667695491,11.504106486683293,52.75640448583324,0.613798163229232,-0.04292355749468876,-0.9450235375719495,11.0394797546604,62.90547826541466,-809409.5238095238,164497.0023516497,0.004984458325667962,-41.28203275164705
2020-10-06,67.4101738592622,70.19355902868304,66.69499988575416,67.63246154785156,6512200,0.0,0,-70065480.85334831,13.674537609035239,-24.0,-0.022655672316602704,0.7338294615336634,92.7812028770616,-0.0448514003042728,False,False,False,False,False,False,False,False,False,False,False,False,True,False,False,False,-2.112184524536133,0.6653849852574564,-8.26265670175799,2221005.7028210303,-1.2418944505444713,64.76510319326253,-15.410068377930294,0.9728845518365729,0.308531671858258,53.272214507414354,25.03399652195879,-0.216302468506245,2.0,-5.120151223272204,0.2148157527030021,57.30428878783283,55.75205324334165,61.58260725422221,0.9576806735554682,-0.03249873666969532,1.2547097640001295,11.062060496590624,56.68765240987693,390300.0,145830.20309089037,-0.013378309202630279,-29.098321682384135
2020-10-07,67.96105054434874,69.73932988401252,67.45849766756128,68.64723205566406,4167200,0.0,0,-69888920.79386494,13.955883422005115,-24.0,0.9718259149771029,0.7998168966633075,97.58186589743197,-0.03514260630973481,False,False,False,False,False,False,False,False,False,False,False,False,False,False,False,False,-1.9850994110107365,0.7326922391232451,-7.387651875015484,2507826.5538689187,-0.08214811345692397,65.65135248764575,-8.385996313221366,1.1242572110314,0.48072041799902915,60.75386941612908,25.074694530316258,-0.030260741372757693,0.0,-4.972640032972965,9.495909417709615,59.31916083205281,77.87602662167083,72.44676322336895,1.0,-0.012269547940170336,3.7025518384597382,11.032533882174816,55.47452255966169,54671.42857142817,178070.92319742506,-0.003649005180821452,-12.279355895861725
2020-10-08,69.73015734558365,70.1239476691324,68.3223620087717,68.9819564819336,3721700,1.3,0,-70885451.73332177,14.330824594316953,-24.0,1.9624784875718717,0.7957694711590829,96.81538355197767,-0.003896047811194142,False,False,False,False,False,False,False,False,False,False,False,False,False,False,False,False,-4.381240272521978,0.7548936942902557,-0.42425926436167927,2327529.031494404,0.3527578595736003,66.44516061356097,0.36130327765288683,1.167180107473555,0.5849616406592802,69.04446171399672,25.087372972917027,0.19469867946680988,0.0,-5.122010185241227,9.624241624765158,59.98987484675522,88.93801331083542,83.00033581254193,1.0,0.01469701074486521,5.926667343900251,10.92354999625571,56.2806648326708,215823.8095238097,80672.51071501788,0.10970886963979765,-9.621314984128073
2020-10-09,69.05086999504339,69.257608227253,66.46171116964585,66.66844940185547,3825400,0.0,0,-74145125.3011966,13.900344819076972,-24.000000000000007,2.567863241342124,0.6007383692260736,50.474570942709214,-0.011199874541522586,False,False,False,False,False,False,False,False,False,False,False,False,False,False,False,False,-4.672752189636228,0.6014444097867198,6.005120391501611,730726.3149765097,0.3527578595736003,66.46531281033121,5.448210477361802,0.7284531964148669,0.47081298093381185,72.29895947238019,25.021004318560713,0.37540125187113027,0.0,-5.410990274815684,9.687594908013091,53.432620059932525,94.4690066554177,83.3688314017967,0.6444280862243998,0.03799544717019264,6.084408958261187,10.440438196169412,53.79515154232321,-452283.3333333335,-110148.6855065339,0.1744412661501532,-27.99283491461985
2020-10-12,66.58968660178623,67.05238965133516,65.66428050268837,66.96378326416016,3040800,0.0,0,-71492528.63864225,13.187324370648275,-23.999999999999996,2.5530136182175625,0.6177258177138734,26.389376381403306,-0.017472246298781188,False,False,False,False,False,False,False,False,False,False,False,True,False,False,False,False,-4.019819831848139,0.6210331848765239,0.7954275181987651,754629.8711935931,0.7393386587128816,66.49444172008022,10.367923644448307,0.7704981397195271,0.391182691404149,65.51019911691847,24.84977612677613,0.5251118704989566,0.0,-6.0564463947112746,10.278716739909797,54.12202663851564,97.23450332770885,78.91275210248,0.6818116597602188,0.05863530305644987,6.404935333380961,9.95285399893434,53.52847126474886,-605335.7142857141,-114825.31513333652,0.09423980889898886,-25.64759379381184
2020-10-13,65.93009511679014,66.28450565956976,64.45338702551699,64.7979507446289,3705400,0.0,0,-73803429.79945835,12.42655291290345,-24.0,1.9576193883745674,0.4616440254675615,-3.237246313144484,-0.08831901204399392,False,False,False,False,False,False,False,False,False,False,False,False,False,False,False,False,-1.6895624160766545,0.4773787939570296,4.352383970515204,-499642.3701013619,0.9084680908061529,66.41685590283898,12.634967504454883,0.40529852172063036,0.17940472570403065,66.10514671426358,24.736339754510176,0.5940205398767768,0.0,-6.645732468533616,5.453140619177971,48.45648032605865,97.29816829276254,67.83771290418639,0.3745932870727741,0.06994647636029372,5.055234741763567,9.235269073819676,44.56494728240735,-558254.7619047621,-106374.6101930762,0.10444057741574664,-42.84643257900886
2020-10-14,64.86685947496484,65.50676777710885,64.24664481893774,64.69950103759766,2769100,0.0,0,-74582241.23760056,11.79873034343574,-24.0,1.2146391499502869,0.4792566019690266,-5.5096508789168865,-0.16190766547182844,False,False,False,False,False,False,False,False,False,False,False,False,False,False,False,False,-3.0824708938598633,0.5017241971955257,19.16792301473817,-467210.1863354866,0.9084680908061529,66.360770557111,14.054569194930986,0.4368397618857263,0.02742754926549551,68.71988919410447,24.610876103699457,0.604888726590042,0.0,-7.526661627215054,1.755955532503935,48.20943648023241,94.18276687785479,59.34251064646594,0.2946424016302614,0.07409124213290617,3.880208456373558,8.45402350337808,41.68912214643171,-726897.6190476194,-124052.20491877334,0.2488211555104073,-53.47844168778122
2020-10-15,63.7051809370754,65.4870728177314,63.587041595519004,64.10881805419922,2900600,0.0,0,-75889746.57857117,11.472817418143851,-24.0,0.3081994558074257,0.44562581230579085,-10.744050815377662,-0.15761893835894975,False,False,False,False,False,False,False,False,False,False,False,False,True,False,False,False,-2.1476247787475558,0.5168117657939713,12.208442399141669,-645228.0256654896,1.751296687951438,66.3478476298101,12.641605746746498,0.3707761034926928,-0.11057644696225077,63.77658203454381,24.42980120511539,0.5630144068692637,0.0,-8.500339275554275,3.6631540976503887,46.6719790292254,86.33584483276975,46.32286206637614,0.12368124403850855,0.07134175214325462,2.463134835092164,7.784043438086076,40.599037562875246,-794995.2380952379,-30688.613006813954,0.1670223439011711,-64.70653953408124
2020-10-16,64.5124508011563,64.6798092433151,63.15388210627966,63.8134765625,3939100,0.0,0,-76423430.34415606,11.340690347787396,-24.0,-0.4152816212188384,0.4324232217287014,-21.6107217881739,-0.11279618176813382,False,False,False,False,False,False,False,False,False,False,False,False,False,False,False,False,-0.17598705291747763,0.49335874873698377,2.1669850228992535,-719249.6891350471,1.534716943331773,66.2385687594451,8.196687945183964,0.35114939182069566,-0.21348789689771658,56.93444251961485,24.236118223803725,0.4816819625119091,0.0,-9.045114508848611,2.0848204399095436,45.884049319867316,71.02707462087108,37.98924989111437,0.0718353975061363,0.0630769350649237,1.0578118688153217,7.455158782253531,38.64411565658253,-729045.2380952379,-44628.378600725024,0.027499304842274364,-67.8472691047942
2020-10-19,63.99068100076026,64.33524470396388,62.848693613119046,62.917606353759766,3587400,0.0,0,-79678224.80197585,11.341631442671995,-24.0,-0.8879484968562252,0.3391436399427127,-38.96293962495542,-0.10255318679121075,False,False,False,False,False,False,False,False,False,False,False,False,False,False,False,False,1.426802062988287,0.42221784955093394,7.816213749275873,-1075620.417377857,1.3473170169761488,65.94691006826446,4.103710099744457,0.15550476423313833,-0.32684698808982293,57.07722945959312,24.019217776853157,0.35667423642699164,0.0,-9.417027141133646,-2.147153692849715,43.4858538644596,35.51353731043554,27.71347662406647,0.0,0.04866823968229222,-0.8121955134053285,6.910701682121579,36.05805609277396,-439892.8571428573,-68510.05687665718,0.1033465515722175,-84.3057614889249
2020-10-20,63.88239158599142,65.05391574480235,63.429535338189275,63.459068298339844,2902200,0.0,0,-82474894.6483246,10.974101880279148,-24.000000000000004,-1.1014989720379589,0.39132424930927023,-19.647398176378832,-0.08820960267302073,False,False,False,False,False,False,False,False,False,False,False,False,True,False,False,False,1.941361427307129,0.4652152494383802,7.368431981018408,-697470.2355295486,1.3473170169761488,65.62703506328148,1.9139291637005442,0.26187526674577305,-0.3483398569847366,56.1435488148277,23.76600873958956,0.2231502294528375,0.0,-9.933034119189571,-3.721762993245123,45.34519349488593,17.75676865521777,22.210652020164677,0.1126597955989577,0.03230693704823278,-1.943258516526664,6.383579065082329,38.392788188117706,-347502.3809523806,-25387.093040021286,0.09672713855546855,-81.21501334578662
2020-10-21,63.12434896842306,64.0005284700973,62.35645823494697,63.212947845458984,3137900,0.0,0,-82343373.80319881,11.097260984767654,-20.0,-1.3949914871699889,0.3448482631863946,-49.72776464732786,-0.034702882232482454,False,False,False,False,False,False,False,False,False,False,False,False,False,False,False,False,2.9988061904907255,0.4456708666079215,1.1628033715421096,-708160.3974674486,0.6680296069503981,65.05857376654525,-1.1297002035970385,0.1799303790477323,-0.360593797459387,50.247659687349504,23.452635038854694,0.08458773245448717,0.0,-10.401444955133432,-4.876255112122852,44.626475376219084,8.878384327608885,16.765368927152647,0.0691117342242272,0.014540404339969436,-3.09172812567602,6.18512688795898,35.1271640729689,-593976.1904761908,12805.940395511501,-0.002118656557479559,-84.18311838383029
2020-10-22,63.01605647218409,65.5067694956178,62.90776394847606,65.31971740722656,2901400,0.0,0,-79859605.02361324,10.448146683633379,40.0,-1.3901970552096685,0.5540863670361876,-10.289374237838004,-0.03233274381401953,False,False,False,False,False,False,False,False,False,False,False,False,False,False,False,False,3.7837062835693303,0.5255866331016843,2.9144958765644944,266231.26024396555,0.029318386271498298,65.08136831052254,-3.7620814749106897,0.6119090162455638,-0.21543677461982036,47.89484552019178,23.284771103355055,0.0019746051382591306,0.0,-10.905340427971202,-3.4195770606229954,51.68570052857529,4.439192163804442,24.13750788081032,0.49683932618068777,0.002893174505212283,-2.237240657620151,5.975982947759292,43.46314309236742,-647971.4285714286,84528.17536489113,0.010757313129406088,-62.18934462795189
2020-10-23,65.71350541489683,66.74720401006304,64.8963918595502,65.84148406982422,3194500,0.0,0,-79791648.52322364,10.123641522025364,40.00000000000001,-0.9366229944900368,0.5964553934951153,30.04198760292575,-0.053405511609131866,False,False,False,False,False,False,False,False,False,False,False,False,False,False,False,False,3.898714065551758,0.5371903067663901,2.3404510658758215,466310.16644742945,0.6547219488998977,65.09395971520841,-4.356985980086137,0.6789127297559926,-0.07988713871141266,47.36233589654311,23.207661888375874,-0.028409864267369862,0.0,-11.257463955005077,-4.087197548715065,53.27444237308632,3.4275407485495384,32.698613786646746,0.5931032515728893,-0.002597880815092595,-1.076120680356927,5.784242499513818,43.87589582143489,-515273.80952380924,122215.55832224124,-0.017946137864637834,-55.53169562827733
2020-10-26,64.98500116000088,65.07360003794287,62.87822784965006,63.67565155029297,3852700,0.0,0,-80845520.78198674,9.884036150324476,40.0,-0.7582579258083086,0.32003754217950464,-50.13763274195225,-0.07444164266571668,False,False,False,True,False,False,False,False,False,False,False,False,False,False,False,False,1.5805749893188477,0.3068706791323868,-14.240283149602009,-792348.8499019241,0.6547219488998977,64.99044368513154,-9.60119564871826,0.16590808298407353,-0.12879918483799835,36.129974788161626,23.191065340620778,-0.07779678830804865,0.0,-11.174342504062123,-7.692308543075824,46.44685610031676,1.7137703742747692,33.08749407956601,0.17941095924644776,-0.010230349838218232,-1.9748894033332953,6.097945206337881,42.50945658372837,-87042.85714285728,-101215.90294931777,-0.3175482638444562,-83.01647750507252
2020-10-27,63.11450467453132,63.57720774673053,60.98804516480443,61.017578125,3795000,0.0,0,-84553946.39324456,10.378804646875684,40.0,-1.018738675370308,0.005506504032838161,-132.0298750983509,-0.11872125943684161,False,False,False,False,False,False,False,False,False,False,False,False,False,False,False,False,1.9171998977661104,0.0032081815998834303,-23.096654388066717,-2120211.6783426227,-0.029484586171371063,64.65760555071196,-13.282873919136705,-0.4498338530466246,-0.32188429461178614,27.409959955847512,23.27285384378578,-0.20235361580620914,0.0,-10.822695149408714,-8.476080256185165,39.71904394978381,0.8568851871373846,20.591696504304554,0.0,-0.026935475639893618,-4.932728681883083,6.834209636707173,36.797871796541415,237409.5238095238,-285151.51768133836,-0.4424769189709806,-99.67673735373624
2020-10-28,59.334131484756846,60.673014086732245,58.42841523705348,59.81652069091797,6595600,0.0,0,-82991840.76774369,11.644874294494826,-56.0,-1.5652938869988873,-0.05985741983606474,-201.53448822095515,-0.0843874809290038,False,False,False,False,False,False,False,False,False,False,False,False,False,False,False,False,-0.11394615173340128,0.11798457192270552,-31.89592453058535,-2948994.926041026,-1.3092995500468518,64.14152082545938,-18.66000632689947,-0.6967259305503075,-0.5014954509488986,18.21204054365529,23.298272801040408,-0.3978233335805976,1.0,-9.122278437683166,-10.673325527393688,37.10377072592772,0.4284425935686923,10.041655058863043,0.0,-0.05256783799510888,-8.241108119756799,7.405643489124505,40.616178805862766,1165830.952380953,-288244.7340732786,-0.6379198222306086,-87.18181996460186
2020-10-29,59.747607876604846,63.11450426941447,59.23568195554467,62.42537307739258,5851500,0.0,0,-79219554.9434985,11.700699649478036,-56.0,-2.1256372337567555,0.24395074921930307,-118.33768088472996,-0.07633382852667625,False,False,False,False,False,False,False,False,False,False,False,False,False,False,False,False,-0.11875514984130575,0.33972877094649523,-17.086569271848244,-346895.6881128545,-1.3092995500468518,64.1073672448638,-21.411279699039845,-0.04453887455766065,-0.4189633270184946,28.551771758728307,23.38575595270015,-0.5616099658272439,0.0,-7.015663260632587,-3.6615010813949094,45.49834013570179,0.21422129678434615,19.829497972447346,0.4932684907837615,-0.0751635911523145,-8.426911270905723,7.5710689217120315,49.72308827066432,1687376.1904761903,125382.32316095354,-0.41877036198025697,-53.65294876431961
2020-10-30,62.0020485379274,62.63211004173251,59.88543590829855,61.83469009399414,3704500,0.0,0,-77666050.69537066,11.752537479105301,-56.0,-2.9573751748215287,0.21150410487080235,-109.19014716335333,-0.1174398249553991,False,True,False,False,False,False,False,False,False,False,False,True,False,False,False,False,-0.5055644989013643,0.28952258614672377,-11.748065128709703,-609937.0343823769,-1.7231775093100055,64.054485909763,-22.46908671441144,-0.1641664509288561,-0.37968331432743896,28.335332246900663,23.54845783709287,-0.7106828380469333,0.0,-5.570261445973609,-4.427871772826717,44.06433511234918,0.10711064839217307,33.37066529230365,0.4304437402663185,-0.09640633490693165,-9.028018976264974,7.704216091835737,51.551006291724796,1609802.380952381,220155.93849065658,-0.30111513752669905,-59.05323539416733
2020-11-02,61.982358863023045,63.872543381041325,61.618105259012545,63.70518493652344,3666000,0.0,0,-74544342.46510923,11.260541278133848,-56.0,-3.0660074110352227,0.4188666410723457,-50.01219711892131,-0.09645196973204288,False,False,False,False,False,False,False,False,False,False,False,False,False,False,False,False,-0.6634960174560547,0.4485087299336004,-1.7259268407572794,456801.69805973425,-1.7231775093100055,64.0511859499886,-19.05579264779356,0.3092932240507745,-0.21164001603502403,35.38647612045716,23.730025041728275,-0.7939333639053304,0.0,-4.620594343124379,-0.6296062381536025,49.49300449302947,2.736477134196316,50.24192100299869,0.7661545566834076,-0.11003562142407786,-7.790230937204452,7.581500545766228,53.40605997056696,636083.333333333,75843.41533006117,-0.14647123300022868,-36.568052832516706
2020-11-03,64.58136349855623,64.97515381172147,63.40000006998604,63.9808349609375,3552600,0.0,0,-75476913.72896731,10.56184603113196,-56.0,-2.5086549245998384,0.46541292714812416,-8.00289907907898,-0.0723351086025109,False,False,False,False,False,False,False,False,False,False,False,False,False,False,False,False,-1.3767848968505803,0.4747470674062384,4.441704691538681,531440.6378702577,-1.7231775093100055,64.05065869856152,-16.097748397224606,0.41580190944689793,-0.07299639229885102,41.6411428116507,23.837314246723164,-0.8228013162053167,0.0,-4.068776262950324,0.262261840997781,50.25913737845361,23.405320235512892,57.041414195945585,0.8135324827300824,-0.11693536226212715,-6.567012277115496,7.436175335920088,52.506623901588405,-186180.95238095243,126268.20259753472,-0.023500244193760622,-33.2544691854789
2020-11-04,63.89223518143004,63.902082004624624,61.15540043005283,61.31291580200195,4431700,0.0,0,-79400319.73498604,10.550509459552293,-56.0,-1.689603514641874,0.19182396177185923,-78.25884342589514,-0.1266917918340583,False,False,False,True,False,False,False,False,False,False,False,False,False,False,False,False,-0.4686071395874052,0.2466326848905795,-1.312779726496714,-1233539.0727761595,-1.7231775093100055,64.0021136894373,-16.494097050185168,-0.1420192533937535,-0.14773317788548468,40.57479898361892,23.9773041405426,-0.8815262329806258,0.0,-3.4417814865881238,-2.550463446964748,43.39765234857211,21.91474933906059,54.950667949788965,0.38921584458430997,-0.12684823340745682,-7.67852349877695,7.423684435637077,49.639295933500996,-53145.23809523787,-169424.26247274864,-0.10336497513427934,-65.3254741326372
2020-11-05,61.952824061667144,63.10465451394159,61.490121013935,62.484439849853516,3283400,0.0,0,-78639521.87121731,10.53998264308546,-56.0,-1.2864856820239652,0.3442056978151542,-60.70732812344834,-0.10389070991649617,False,False,False,False,False,False,False,False,False,True,False,False,False,False,False,False,-0.38985176086426065,0.37454541778604933,-0.4092455374468477,-507807.48256301973,-2.5599794953700865,63.95667081407756,-16.066916006212658,0.2169300365931606,-0.10693383475954765,47.13665340162771,24.060450375110406,-0.9243930353460978,0.0,-3.2455923282288146,-1.5358379418750865,46.83030963772309,15.256967667279142,50.059150206121565,0.6014925739651915,-0.13459400788120846,-7.501951309120855,7.27723487994776,55.038240682161735,-133842.85714285728,-122059.33721096546,-0.07898667427209383,-51.24260606351889
2020-11-06,62.51397430401201,63.823323914891404,60.68285571565037,60.89944076538086,4872900,0.0,0,-82840294.51830429,10.828206979425532,-56.0,-1.0486490483649078,0.15333465445571118,-78.78042214580249,-0.1148873573133091,True,False,False,False,False,False,False,False,False,False,False,False,False,False,False,False,2.005368232727051,0.2865297842529836,0.3484240593074911,-1538626.704872132,-2.6092026084807856,63.77806768688998,-16.973634974145398,-0.09003700734332198,-0.17152859617209182,46.13778681268957,24.093027100187754,-0.9932847447081184,0.0,-2.694938638792006,-3.6598626688540357,43.02830428177726,10.40472993131338,37.71202340021656,0.3663752307338798,-0.14509872667953153,-8.567047493976517,7.173703310519895,49.56861984751111,214435.7142857141,-60870.549629632726,-0.05904043279559468,-70.29584960319391
2020-11-09,73.70742221598947,81.21894096092757,71.96490254925499,77.87173461914062,24996200,0.0,0,-75926457.14499079,13.264140238337154,32.0,1.3414664372415928,1.4843058772508484,468.32515822312024,-0.04541112381898489,False,False,False,False,False,False,False,False,False,False,False,False,False,False,False,False,1.9817373275756864,0.853131674874854,35.668552890441084,59287298.771159574,0.0,65.35986996815443,5.944545197949683,3.295237115176431,0.8858778541101542,64.07425665503263,24.595640535560022,-0.6474032604029265,2.0,3.654043583548921,19.21627604978797,70.57594560946785,55.20236496565669,54.5915706069241,1.0,-0.10531635227425411,4.0302750595672014,6.84714621738868,63.902798878789824,5491126.190476191,6842677.404594716,0.17113594329013382,-14.6868325125146
2020-11-10,75.50899896549242,83.17803670311675,74.14058349416165,77.61576843261719,14440400,0.0,0,-79261281.39815369,15.759167122766119,32.0,3.7631148903866887,1.2043077430236913,330.41728021052467,-0.05036093847268179,False,False,False,False,False,False,False,False,False,False,False,False,True,False,False,False,-0.8249860763549748,0.7752584507958413,48.889512280907695,50289648.35815492,0.4036333592456032,67.38809072357517,28.60428809078142,2.783248807391219,1.489615531463703,72.73738957762066,25.175313724221347,-0.07454976481871162,0.0,9.547319998948858,17.882774863194854,70.02601056250288,77.60118248282835,64.18105432129177,0.9835703820000234,-0.03392913094073027,11.960789518084097,6.472661630570049,58.837810228430214,8402804.761904761,6918818.923190869,0.2540434568140464,-22.47415492041586
2020-11-11,76.76913273283861,77.28105488715647,71.39390880241042,72.27009582519531,6844600,0.0,0,-84068510.62126999,17.206678543596503,32.0,5.69741287447188,0.8729556825681706,165.6448505509056,-0.0843597377654235,False,False,False,False,False,False,False,False,False,False,False,False,False,False,False,False,-3.861589241027829,0.5592683753616828,15.755069103318874,37878414.202881396,0.7285103356225449,67.79700294864199,42.522909427387745,1.6757745199900154,1.4491451758801908,66.2835961258179,25.666382513830154,0.47793294550730786,0.0,13.339943001279734,13.497222353687564,59.58390464003573,88.80059124141417,72.9219500344125,0.671606610335995,0.039437277771822384,13.610897273268582,6.601378919722546,51.977842079347816,8778380.952380951,-518877.7485481052,0.07212215796806765,-44.073162463831714
2020-11-12,70.54727245411951,71.5022040570742,66.95394788050824,68.06639862060547,8143000,0.0,0,-88228143.7989327,17.335510491147748,31.999999999999993,6.837218290252039,0.6495150941981466,64.22761599326441,-0.1048357944370464,False,False,False,False,False,False,False,False,False,False,False,False,False,False,False,False,-5.260525703430176,0.38941942594021545,-11.311121514918597,27577111.268616185,1.1272202392984525,67.80404992249248,44.06775587102378,0.9406511391854556,1.076594535907248,59.798785155654386,26.063244713557904,0.8873548461952787,0.0,15.836781748294438,11.552114508978587,52.90317087745029,94.40029562070708,57.464875069924545,0.47201594179325035,0.09803260344253906,12.002682577233532,7.309085964588626,49.3206443729701,2807183.333333334,-945061.4812112678,-0.13126709471378428,-61.05805740597845
2020-11-13,70.51772562587904,73.98307122137224,69.70061958611929,73.54005432128906,7732900,0.0,0,-82095170.98010722,17.860074504696758,32.0,8.508651548298118,0.8751987098665056,106.87110384296265,-0.0466862186709883,False,False,False,False,False,False,False,False,False,False,False,False,False,False,False,False,-3.1380022048950167,0.6105806145341129,6.541237875420025,29684271.397073325,1.1272202392984525,68.13862571828375,50.20217836568523,1.6736731191545267,1.1305644049349444,65.01468034548982,26.326778219859666,1.3117223518146033,0.0,17.279302538410782,22.942714607696598,59.30198081764669,97.20014781035354,51.97561386120026,0.6631839780042166,0.16050714338893535,13.456585089045072,7.169822930301434,55.277672084437384,294192.8571428573,148202.42863146827,0.0011204343997770483,-38.9419385465887
2020-11-16,78.70853480128028,81.14018188645494,77.62561708412558,77.7339096069336,13224900,0.0,0,-94505086.55646847,19.308181809056673,32.0,8.554674621991907,0.9846849244812823,163.7794713750036,-0.11307520409698478,False,False,False,False,False,False,False,False,False,False,False,False,True,False,False,False,-4.469500350952146,0.7800319045829388,29.10779717759442,33366992.164222904,1.1272202392984525,68.81220895003743,61.06323313954537,2.133389733915499,1.3647892186042672,71.52679956662075,26.55582965769572,1.8144575873265947,0.0,18.9502489599706,24.522939591505654,63.40454463494801,98.60007390517677,59.33439816857546,0.7857503732735825,0.23509898801735685,16.2559019675321,6.472025398608203,55.61278161399497,1747395.2380952379,1376044.0361432726,0.14973822775501666,-21.99680954170612
2020-11-17,76.73959076611703,80.06711099253518,75.78465921824022,77.7339096069336,6171800,0.0,0,-95058430.50232254,20.187662380845502,32.0,7.961126412317327,0.9216199815694801,125.45635698473546,-0.09363202724832626,False,False,False,False,False,False,False,False,False,False,False,False,False,False,False,False,-3.3127475738525334,0.7800319045829388,28.527320414395465,28600278.997905347,1.1272202392984525,69.42606622446122,70.89182573703255,1.9764444474821907,1.4289632102688143,70.75034122742444,26.762430950876862,2.331645281965981,0.0,19.333896717834076,25.712459282598893,63.40454463494801,99.30003695258839,72.10759126321427,0.7396727767283936,0.31382770465888166,18.251389480594206,5.8096657526912985,56.52959803288642,1120600.0,754191.9472184061,0.1714031456021654,-22.73847812206201
2020-11-18,76.66083938290686,79.78161390328907,75.41055570353448,75.42040252685547,7493300,0.0,0,-102517969.70673521,20.90830969266629,32.0,8.189754111040827,0.7977378728051435,98.5089269907323,-0.1454036457480843,False,False,False,False,False,False,False,False,False,False,False,False,True,False,False,False,-3.647470283508298,0.6865554413873133,19.462002770586643,22037981.6263261,1.1272202392984525,69.86026123585873,79.22650779884373,1.520737112551345,1.2322890211651347,64.53093359498844,26.990465455885303,2.7709812863714447,0.0,19.090393533500695,18.389739551035298,59.563170238530525,99.65001847629418,73.98652286431904,0.6002280108145809,0.38398586994212586,18.45931561195999,5.583822782686933,44.81499156663675,923461.9047619058,-223014.67520171046,0.11981696137258602,-33.3051437432744
2020-11-19,74.81002593825488,80.06711037743544,74.31778993324558,79.37797546386719,16282200,0.0,0,-90139059.70374358,21.287841014516744,64.0,9.396137566491603,0.8947295259623272,96.22097202804899,-0.06757033426168796,False,False,False,False,False,False,False,False,True,False,False,False,False,False,False,False,-7.018302345275885,0.8464598238619443,18.000795025659393,28095126.26185269,4.2627663217273835,70.68369708018685,84.32464784973428,1.9025185980884685,1.279827272165111,70.95710961149557,27.23451874547928,3.217889219742572,0.0,19.97349840447689,24.06523846137702,63.623236185882185,99.82500923814709,75.68786633467568,0.7476114437210681,0.4561890875913652,20.064726398525817,5.341706338539868,49.76736355425719,1044154.761904763,631369.4425715582,0.10322036073058083,-16.892779130636182
2020-11-20,79.23031294704678,80.51996891372124,78.02925585857487,79.8603744506836,9733700,0.0,0,-85560746.52086712,21.712465187563545,68.0,10.494652290297083,0.8657026051273802,98.30533256710349,-0.036359349548925245,False,False,False,False,False,False,False,False,False,False,False,False,False,False,False,False,-6.547722816467285,0.8659509901198958,15.27670724126252,24752326.36987014,4.2627663217273835,71.67587165011932,90.77631472230055,1.8656039007790473,1.253246647673043,72.55929430689268,27.38657886523613,3.6460996512182255,0.0,20.287719182725173,30.25049193317934,64.096447966228,99.91250461907354,78.35125092939045,0.7647893855534291,0.5267262953344268,21.450704986815197,5.270850303071179,54.17411956471847,1798047.6190476194,913538.1462117018,0.11769036176758318,-14.748324337917758
2020-11-23,83.43400795097037,84.9599426641785,81.02205438330674,84.0837631225586,10874800,0.0,0,-79525229.20214157,22.763637050480693,72.0,10.788427419560378,0.9396916902651014,118.49147809882359,0.007968396472018366,False,False,False,False,False,False,False,False,False,False,False,True,False,False,False,False,-9.15312747955322,0.9669759103004327,20.3215555503277,27777495.049732443,4.2627663217273835,72.11143777795934,82.92135332348026,2.2413510799853977,1.4174879676527254,74.33133241996657,27.532558023223626,4.118746297790575,0.0,20.366617143012803,34.56752324995951,68.01895301966813,99.95625230953678,88.24993877244759,0.9071792550446249,0.604118902400556,23.953699746667905,5.216457972714426,60.18484253348296,2402200.0,634264.1183274884,0.15487207511286438,-3.609080214102977
2020-11-24,87.36204353702854,89.95120971469272,87.04701279616707,87.41127014160156,9742200,0.0,0,-86823608.75177523,24.34227578796391,76.0,12.317772723696962,0.9696623080179486,142.72999199599892,-0.0132235269219244,False,False,False,False,False,False,False,False,False,False,False,False,True,False,False,False,6.499481773376459,0.9194253042859867,39.39376407095089,28440315.597045008,4.2627663217273835,72.99620089090604,81.18549230304077,2.4848072876234073,1.6323191682551794,78.16298515781811,27.620683530529984,4.64890571939064,0.0,20.060315749227417,43.53378133365672,70.7320253848521,99.97812615476839,90.98816225120153,1.0,0.6906607833612292,26.942652416843792,4.881842283286616,57.341088389262545,-157121.4285714291,960645.1525107147,0.2659744952866282,-8.678108694374362
2020-11-25,87.03717771049024,87.49987326568848,84.95994108018435,85.83612060546875,5973300,0.0,0,-88675788.36261609,25.224707297351213,76.0,13.54433859954355,0.8800299227180879,115.27182352781512,-0.033236369219893445,False,False,False,True,False,False,False,False,False,False,False,False,False,False,False,False,4.942535591125491,0.8660257723229786,33.31422590441391,23033293.265441135,5.636102174532908,74.47256539308307,83.38872944373708,2.1186765927922657,1.5510008459954863,74.24545559257825,27.650909938281412,5.138244109244287,0.0,18.856355185610884,10.227569766206933,67.79988247096384,99.9890630773842,91.21765091887232,0.8941606832172875,0.7726560459801474,28.39699433093194,4.712476400205073,56.35426450968709,-1602723.8095238097,277896.30266610323,0.21737222751170426,-14.059858334905396
2020-11-27,86.5941619048791,87.22422342537796,84.20189448735428,84.22158813476562,2305900,0.0,0,-90951637.64179978,25.83340770252367,76.0,14.723360381574636,0.8014907049334989,99.26467150372808,-0.07005470640645678,False,False,False,False,False,False,False,False,False,False,False,False,False,False,False,False,-1.492947769165042,0.8094304302020471,28.679363035191056,19210972.738350358,7.944687348096053,76.21417768381117,85.34168724237318,1.7861228164776113,1.2822762094586753,74.93320795834089,27.582077786758326,5.528518399667812,0.0,16.391536605280045,8.510924823070376,64.8331666218005,99.9945315386921,84.11588957497618,0.6691397778470495,0.8410353287948292,28.659040164159872,4.374275726062131,53.82939097268324,-4275666.666666667,-151011.53120772232,0.20690459237639125,-24.91436424579143
2020-11-30,83.99515519941214,85.5506228446241,81.12049860939999,81.28785705566406,6987300,0.0,0,-97411013.99474575,25.57406425662662,76.0,15.036219883570965,0.6958101669683422,71.12643511475463,-0.11563458174039043,False,False,False,False,False,False,False,False,False,False,False,False,False,False,False,False,-6.669303321838385,0.7040027375877673,-20.00552787733361,13538139.608727973,7.944687348096053,76.54150483265772,79.98606086025165,1.2700415842446364,0.8230651751316049,65.73410730763123,27.568673112849403,5.7631906323973,0.0,14.090588126856701,12.477859794569298,59.71961969940995,99.99726576934606,74.45151398046214,0.38232679610065506,0.8866346270160101,27.28144860300566,4.758106794059741,50.768389044572544,-3907616.666666667,-286764.75213247765,0.014231317028793211,-37.67123547791652
2020-12-01,83.3355559537919,84.95008942616815,82.58735513386075,83.67027282714844,4872800,0.0,0,-97817089.69736487,25.333245342579357,76.0,14.650594754311484,0.7425897395484452,76.61542030397285,-0.135338222645254,False,False,False,False,False,False,False,False,False,True,False,False,False,False,False,False,-2.193902015686035,0.7854017725851684,-27.747188284658893,13262553.317665271,7.944687348096053,76.89039349574033,61.966393639182115,1.434140075571717,0.6059216987270144,63.04992688258219,27.47803427090136,5.921890454124947,0.0,11.536446450755825,22.92448920871696,62.31877349894628,99.99863288467303,70.0342425175604,0.5281103515420477,0.9198547375905429,26.923615003043228,4.892869962314206,48.08955699140252,-3591050.0,-100578.08478584985,-0.03371757719461166,-27.311672723610645
2020-12-02,82.4298490257707,86.62369460048271,81.31739078912707,85.89518737792969,4333200,0.0,0,-94673707.54760224,25.396171041277206,76.0,13.183297618751723,0.7834147213079884,81.90546496797323,-0.11113082235280612,False,False,False,False,False,False,False,False,False,False,False,False,False,False,False,False,0.9042356491088839,0.8614195271488193,0.5700564622657518,12745188.519633848,7.944687348096053,77.50293084033676,47.45608834669795,1.5338444881392144,0.540452119775555,68.03678940918452,27.433793728565412,6.053846766055662,0.0,8.78001273157295,16.80054926620301,64.61511596572431,99.99931644233652,72.46003745962945,0.6569095666472408,0.9474896418713172,27.321524456766294,4.523158253585671,52.67124072369875,-2735897.6190476185,258040.002161575,0.10361401333990161,-17.636979419584314
2020-12-03,86.52524856657878,90.2760847036218,85.93456683403333,88.23822784423828,5490000,0.0,0,-94337588.97528644,26.024278159348682,72.0,12.865196968453418,0.8343596989558045,115.22949599793228,-0.08594575589877707,False,False,False,False,False,False,False,False,False,False,False,False,False,False,False,False,-0.4420299530029297,0.9311377322085455,44.310443992158085,12762060.468262468,9.8004203107607,78.99212220680005,45.02360604128427,1.634611731171552,0.5797875451101078,73.98438717467828,27.40869668761263,6.192037637744267,0.0,6.259513087300119,13.51317371070159,66.90259295751146,99.99965822116826,81.71568088912274,0.6649678481282674,0.9744193348661452,28.349942845092034,3.0222485402246333,50.49432533390247,-3045497.6190476185,264981.7856657509,0.39078211006587016,-9.904305189436624
2020-12-04,90.80770055155728,92.89478401901816,89.30145950415576,92.45177459716797,5268500,0.0,0,-90368161.8140262,26.969621496533875,76.0,13.142760232827314,0.9419707507912183,141.8991582235835,-0.06672192358235804,False,False,False,False,False,False,False,False,False,False,False,False,False,False,False,False,-4.253903770446783,0.9862470381258152,48.551221334976375,14110204.83962641,10.893186213881037,80.8891737903601,49.33632368809083,1.918842819840675,0.8008005770001994,73.75847520607195,27.244298095902465,6.390668161864321,0.0,3.940855906913886,18.933648216918698,70.58521650053744,99.99982911058413,90.02466489977597,0.9868555118325621,1.0088854758036483,30.417068889897163,2.6313151467980602,53.48174892139911,-2737569.0476190476,401336.78690506227,0.4104874768652058,-2.3847206916509505
2020-12-07,92.24502752985381,92.34348074300651,87.61801192685104,87.98226928710938,6097000,0.0,0,-95525201.2675076,27.343830857920416,76.0,13.695656849222772,0.7888207778282361,106.44884043874636,-0.07166290082484003,False,False,False,False,False,False,False,False,False,False,False,False,False,False,False,False,-1.6504722595214787,0.810626199337653,28.050635032476155,8201522.166047316,10.617531350550735,81.26893734801776,44.63969417198973,1.248723331312055,0.5681424606934309,65.75590152462081,27.133654081069018,6.513542279992968,0.0,2.054672564434997,16.655793842761465,62.62528397744753,99.99991455529207,87.08896550608932,0.2741654089699162,1.0316943420578688,29.625275884260247,2.9310376569786336,49.09244155005041,-1640500.0,-43173.3632720341,0.26390955673905836,-26.444077600644203
2020-12-08,88.33668060656709,90.52220225470487,87.12577667676074,88.71077728271484,4603100,0.0,0,-95832069.17183271,27.543121094875232,76.0,13.983702523888894,0.7881092039076215,89.83025742955279,-0.12709909482968668,False,False,False,False,False,False,False,False,False,True,False,False,False,False,False,False,-1.7100254058837834,0.8387096424354634,29.175379994339657,7508932.592979347,10.218821446874813,81.49025801434843,30.09428982592891,1.3170271354701726,0.39375853474293265,66.32069020796794,27.04133018232573,6.58013265263963,0.0,0.15660731738784506,11.757419818669906,63.350755238658095,99.99995727764603,82.88289474960806,0.33912025453880124,1.0453068462354516,29.21792219440873,3.1238257601907957,51.704585485676134,-1824083.333333333,-256640.02795561028,0.27786027168480365,-22.522517458880444
2020-12-09,89.21285819224302,90.72894602195838,87.80506288685915,89.42943572998047,4596400,0.0,0,-95321379.05150925,27.763348410284557,76.0,14.275685725754172,0.7860705808880553,88.05877035875207,-0.1094229009521337,False,False,False,False,False,False,False,False,False,False,False,False,False,False,False,False,1.9226799011230469,0.8664133927474573,32.56248550336054,6908119.606412544,10.218821446874813,81.59872964572018,16.669671300889092,1.4019614535193612,0.2635152053886394,72.66536485348901,26.990553765212287,6.605144729500506,0.0,-1.6714514696320646,11.98223943365816,64.0912391476553,99.99997863882302,77.45980916099786,0.3969722486726418,1.0517096929994245,29.10430992630748,3.132704059849799,57.111942393043755,-1841195.2380952388,75350.52360638586,0.3112351843185631,-18.653977457481517
2020-12-10,87.73614939076494,89.54757430778025,87.69676960853519,89.03565216064453,3046000,0.0,0,-93960391.91192769,27.93089703598242,76.0,13.660969515499303,0.7477048288449201,75.69039814524888,-0.06918739707382245,False,False,False,False,False,False,False,False,False,False,False,False,False,False,False,False,4.411909103393555,0.8512333281098585,30.78186678781363,5749893.269468286,10.218821446874813,81.77054965118886,9.800524890549468,1.2966558442678717,0.09617186228817598,65.12222983202423,26.83843137159057,6.579258026993698,0.0,-3.8051895314404995,5.889233371808271,63.33610916155249,99.99998931941151,77.62107699116035,0.32840140160504305,1.0495568670499504,28.799007453915635,3.2846716067600594,56.326131588895976,-1912752.380952381,23823.665458308315,0.3246568962252787,-25.960274110156814
2020-12-11,87.82475120456233,88.53357228655065,84.9500946039881,86.53509521484375,4907600,0.0,0,-94526651.07663457,27.179375509474404,76.0,12.174416690163326,0.6287291547718392,41.87929867083148,-0.045074044706171684,False,False,False,False,False,False,False,False,False,False,False,False,False,False,False,False,1.9133247375488338,0.7258065138507963,17.16902020197151,3175375.192799687,10.317267536738342,81.84538484794159,3.349025523016337,0.8462622590953973,-0.2203211863215504,57.144369451627654,26.77964667831274,6.460898255400023,0.0,-5.517687762620039,-1.0023592213434906,58.6134744442496,49.999994659705756,67.2734110591977,0.0,1.0328906070154766,27.181689843357876,3.703316115937213,50.63591665925639,-1466530.952380952,-151241.84642635135,0.17404312894512408,-53.56551525476841
2020-12-14,88.60248137058595,88.77968663376414,85.41279414430397,85.96409606933594,4841400,0.0,0,-97782569.4206535,26.53657954621116,60.0,10.917505899653875,0.579050202026682,36.33919936912757,-0.11463592083143657,False,False,False,False,False,False,False,False,False,False,False,False,False,False,False,False,-0.32240982055664347,0.6269209153169631,9.317037746980398,2326830.8419623715,10.317267536738342,82.01272197808626,-4.051756507491348,0.673640840830751,-0.49006526468056855,53.869036105322124,26.66742689019248,6.265441089257962,1.0,-6.888748309573461,0.1490927863054356,57.55806123768945,24.999997329852878,53.87043092384514,0.0,1.0037896645245987,25.54714154697692,4.151136814585003,46.14588722840971,-953907.1428571427,-169775.25884755445,0.07430245913389,-58.86291786353919
2020-12-15,87.06671031457661,88.36621311729003,85.86565321446217,88.34651947021484,5302300,0.0,0,-92563788.01564391,25.939697580323866,60.0,9.845503265855811,0.6912490734029447,46.02714925761884,0.015057837254733707,False,False,False,False,False,False,False,False,False,True,False,False,False,False,False,False,-3.78677139282226,0.7551668193571391,-2.3451618129583744,3799044.0928934934,8.998073361739927,82.27005522010282,-8.589482405108129,0.9478320114778066,-0.5267700788009186,50.82164777168405,26.119890365935355,6.0616910014393675,0.0,-7.827303027601757,4.897712601724852,60.73493224208802,12.499998664926439,49.64759069742042,0.24386529064090118,0.9719518703202116,24.989046994816743,4.317444043235442,44.88992114140471,115328.57142857183,115003.00506742735,-0.05428883754175662,-38.628794789430984
2020-12-16,86.96825323364219,88.89782497121908,86.76151501410008,86.90918731689453,3371600,0.0,0,-95469264.70386268,25.518938126155387,60.0,8.7263023931893,0.5872049539537624,40.77034005983687,-0.003257419380349976,False,False,False,False,False,False,False,False,False,False,False,False,True,False,False,False,-1.8631195068359432,0.67779519794821,7.777231899245794,2564022.2098894566,8.998073361739927,82.31229310804649,-17.85363622807381,0.6854729074498555,-0.6580535300685684,52.7578880054481,25.40674536071829,5.822753193069234,0.0,-9.011481146415424,6.915338237273386,57.918220189203346,6.2499993324632195,50.557369745364035,0.027646784293807337,0.933988272024091,23.728520442122985,4.579914934015411,47.008628416700176,-210835.71428571455,92095.40905109001,0.06329097179880294,-50.836178110937574
2020-12-17,87.80506399309766,87.84444377616212,86.13145701202359,87.64754486083984,3002000,0.0,0,-93157393.26313937,24.885329476405968,60.0,7.640256395622998,0.6171069032080003,27.441589280905504,0.07695861545174512,False,False,False,False,False,False,False,False,False,False,True,True,False,False,False,False,-0.2495620727539034,0.7175410007694959,9.185316170278057,2514383.2294657957,8.7224217237341,82.35003628518325,-25.51290298350662,0.7259676950239824,-0.7013876725791626,52.16583932671024,24.775085029039303,5.57455503806608,0.0,-10.422555699313513,4.753506710690327,58.9708854817311,3.1249996662316097,55.32326064783509,0.10845224575398055,0.8936697872786382,22.949068370241527,4.685436618599806,50.61034297217366,-873690.4761904762,-29349.223367248043,0.0517792887125712,-44.56524515612604
2020-12-18,87.36204702031063,87.68692459722523,83.60136411530172,84.10344696044922,6377100,0.0,0,-97967103.6597023,23.38767858473964,56.0,6.703501772490981,0.3006161862316482,-41.967841188045895,-0.07006453236536031,False,False,False,False,False,False,False,False,False,False,False,False,False,False,False,False,1.8572048187255916,0.40860916856204155,13.802954729615468,-1073538.1919694683,7.240789118866843,82.56732745673972,-39.95583593058731,0.13297608536620598,-0.9590229423442249,52.47820365550228,24.38498332340327,5.2553686025450155,0.0,-10.812236922460674,-2.085961358460051,52.21867833975147,1.5624998331158049,42.88773363968414,0.0,0.8428520936707931,20.29316993274598,4.926690555975922,45.07801307167589,-471838.09523809515,-232358.88908332033,0.09442304499656706,-75.93537581388385
2020-12-21,82.64642658954435,83.18788922794269,80.9728270887371,82.35108947753906,4629100,0.0,0,-96835539.60330583,22.244958159212537,44.00000000000001,5.131647860519436,0.10246711663725055,-148.09366515427706,-0.1057458627748852,False,False,False,False,False,False,False,False,False,False,False,True,False,False,False,False,5.946215820312503,0.1156070598863894,0.12200371179774296,-2079009.5965651735,4.553184752779018,82.54861937856563,-47.181213923744565,-0.1592374259305436,-1.2209418455191599,45.64217260403809,24.07196466473749,4.863928442824434,0.0,-11.067241260603609,-6.671868316634187,49.21790682593428,0.7812499165579024,30.353361672876314,0.0,0.7814455426892398,17.15008095904238,5.6115882668808235,43.41270957875745,-35264.28571428545,-354313.80980157474,-0.05271718569517769,-88.43929401136107
2020-12-22,84.17235715116298,84.2314230684747,80.74639123950146,82.41999816894531,4139900,0.0,0,-96999254.78364184,20.842864473103358,44.0,3.667968240108465,0.1311863960105614,-133.27297196215574,-0.17493846109141933,False,False,False,False,False,False,False,False,False,False,False,False,False,False,False,False,1.559898757934576,0.1377636498768548,0.8132877948375157,-1741254.6411197581,1.540695797508988,82.53435447603597,-53.92896009019884,-0.14628508350517822,-1.352803699550654,45.40278202060601,23.90924807497934,4.437848772403152,0.0,-11.36046248807697,-10.850820843551395,49.341188359807255,0.3906249582789512,16.467231720813484,0.0057696329463276744,0.7145636402998761,14.605358655803002,6.299608852965566,43.36056533194046,357842.8571428573,-92986.58754886407,-0.04589713967418707,-86.22363501231452
2020-12-23,83.33999633789062,85.25,83.20999908447266,83.6500015258789,2768600,1.3,0,-98573550.65367292,19.4944755732295,44.0,2.3097618463503693,0.26656970396636825,-73.34217851805396,-0.12646162814390746,False,False,False,False,False,False,False,False,False,True,False,False,True,False,False,False,2.4764701843261747,0.23901188733979659,-13.378915215133507,-1006020.0789588861,1.2158211292284022,82.63649145431805,-60.12629502837373,0.07049748779634028,-1.319054236222637,42.89930157844723,23.74152648743025,4.025362587665505,0.0,-12.109349856434184,-4.924023665601458,51.599849702931245,0.1953124791394756,16.412753236767987,0.11147603106197804,0.6487560129199278,13.017554006159138,6.794056767476117,45.85714104165409,-650604.7619047617,44781.62067943705,-0.15387731791840153,-76.09881126602035
2020-12-24,84.0,84.58999633789062,83.05000305175781,84.37000274658203,810700,0.0,0,-97994473.48746039,18.18781048748345,40.0,1.0431537085294167,0.3398944096820609,-67.46264891292896,-0.10619523677750324,False,False,False,False,False,False,False,False,False,False,False,True,False,False,False,False,3.268434524536133,0.2982790870237838,-33.52201642043335,-778916.4977327562,1.2158211292284022,82.7470134718482,-65.91307540344525,0.1953512455880902,-1.2128127636886998,36.885847194381036,23.543013889419985,3.6474243841136142,0.0,-13.855403323452359,-4.893176081976012,52.92302175542631,0.0976562395697378,22.974474565356704,0.2491112851745457,0.5870888227855289,12.014586486978523,6.960273685132277,42.377068568849566,-1604990.4761904762,48295.43166775019,-0.32783720533578065,-68.7541300255949
2020-12-28,84.52999877929688,86.1500015258789,84.51000213623047,85.4800033569336,3105000,0.0,0,-97426479.69332387,17.489362600791445,36.0,0.3015924971410584,0.4327680349650507,-26.978967987905666,-0.07312107622760679,False,False,False,False,False,False,False,False,False,False,False,False,False,False,False,False,2.811730194091794,0.3896492485338006,-21.639352358042085,-175278.1558935623,1.2158211292284022,82.78092247041448,-67.20932810916906,0.3683989798440826,-1.0390509621811224,44.57820708944645,23.282655666843173,3.3235362530232893,0.0,-15.322045869326953,-4.41625549888476,54.96699499343276,0.0488281197848689,34.188634362763615,0.38653665790164005,0.5324270659627679,11.682543976555088,6.940396505903632,47.240022431280906,-1736242.8571428573,47828.38546027984,-0.21827742005190176,-52.58115562009379
2020-12-29,85.79000091552734,86.56999969482422,82.94000244140625,83.29000091552734,2281200,0.0,0,-99267780.45185019,16.27334902148015,16.0,0.5964305110660177,0.210278408398334,-65.12127571540015,-0.022145621987446178,True,False,False,False,False,False,False,False,False,False,False,False,False,False,False,False,0.21106605529784872,0.20937828749780296,-22.07834754949753,-863928.929242473,-0.6399118334362441,82.79574512177207,-64.89923493282632,-0.009058710756502017,-1.0403078853549235,46.68976682323164,23.228003776828253,3.0016917624287522,0.0,-16.86164736502725,-6.45320285266229,50.32449299444254,0.02441405989243445,34.71508749503195,0.0744006887341715,0.47845389200668004,10.119346850665432,7.096899068727947,40.304304031630814,-1732859.523809524,-17594.029009035206,-0.1871829071842246,-74.51945186921535
2020-12-30,83.20999908447266,85.55000305175781,83.20999908447266,83.97000122070312,2791400,0.0,0,-100245961.33535866,15.144193554976809,16.0,0.8063936771421538,0.27252857372696737,-67.50810215149399,-0.029706571112945883,False,False,False,False,False,False,False,False,False,False,False,False,True,False,False,False,-0.37491950988768963,0.2653527951974819,-26.336716507986097,-469345.817655309,-2.525170121428033,82.87521313572311,-64.17167965422452,0.09910761551211321,-0.965669321952626,39.210747594746,23.180310338317014,2.703997772930342,0.0,-18.15414437499198,-2.96422392299006,51.688906971840964,0.012207029946217226,36.50879999861902,0.1750222930062919,0.4280305415036466,9.154958850847022,7.205189917798678,42.85732293320762,-943697.6190476194,-35654.78629909968,-0.23254621023402977,-63.37299251483369
2020-12-31,83.5199966430664,85.3499984741211,82.36000061035156,85.27999877929688,2488300,0.0,0,-97874169.94076048,14.344906594314867,16.000000000000004,0.4514666860405896,0.40159540971014607,-63.874911112907064,-0.04004722879628224,False,False,False,False,False,False,False,False,False,False,False,False,False,False,False,False,2.0382633209228516,0.373185788612259,-28.044158528452293,63370.28844528197,-2.603929710896466,82.92103315654991,-62.301911868581826,0.3110354038809272,-0.8049677060880138,44.60008898249963,23.2168985544972,2.455615432592664,0.0,-19.34027801864155,-0.7957941993449116,54.29343194700336,0.006103514973108613,39.24161930303454,0.44069757056801917,0.38447192162809407,9.011802357506843,7.197228374994531,48.460452411418295,-1109428.5714285714,61609.106754774286,-0.2198087130892088,-44.38269770684722
2021-01-04,85.66000366210938,86.23999786376953,82.05999755859375,82.80999755859375,4299400,0.0,0,-100630723.16344935,13.388733192837522,16.0,0.07858623806529863,0.19885826868834708,-74.90547063633278,-0.0799365676678901,True,False,False,False,False,False,False,False,False,False,False,False,False,False,False,False,0.8723426818847599,0.16986661170288436,-16.18837979325544,-1462757.3596599034,-3.162392162096978,82.91365703327745,-65.385965992051,-0.0774531121595796,-0.8381436876068447,45.284294797229414,23.39153748813664,2.1989167846778757,0.0,-19.56572754334322,-6.266825161672246,48.936391006429815,0.0030517574865543064,39.18672639826531,0.0,0.3407184463476397,7.3814341410235516,7.188868815687378,43.77132505517881,-393252.3809523806,-85705.94605564556,-0.10971911646642163,-74.68413058352304
2021-01-05,83.1500015258789,84.31999969482422,82.93000030517578,83.16999816894531,4647900,0.0,0,-103673606.52916646,12.500857891465701,16.0,-0.6089774986237018,0.23942607288788423,-75.6997381544122,-0.17035112174660416,False,False,False,False,False,False,False,False,False,True,False,False,True,False,False,False,2.074789047241211,0.2089840669688158,-19.070334195398694,-1014756.7601580564,-3.162392162096978,82.9168601929124,-63.02907864535416,0.036765656447502966,-0.8085848468997368,35.71501524220909,23.46898356974547,1.9522409102149716,0.0,-18.98410934291997,-4.302409518932812,49.71515442692876,0.0015258787432771532,36.888483201145725,0.06600505985819037,0.2989548180217413,6.2318638401994875,7.114402488807477,42.950568316478346,239402.3809523806,-104319.51279623111,-0.16156827100927906,-70.26772210619245
2021-01-06,84.0,86.4800033569336,83.75,85.06999969482422,8356300,0.0,0,-103949100.75151414,12.50694341675452,-44.0,-0.7055686175291669,0.4601313859767361,-16.163955920178218,-0.10482010872859986,False,False,False,False,False,False,False,False,False,False,False,False,False,False,False,False,-1.323695373535159,0.43311642656055876,-15.659645061553023,1398348.8842505096,-2.5055890025508347,83.0034237266819,-57.68549073228648,0.4123531266906617,-0.6411323691384176,39.25688816654347,23.501236791217842,1.756335074903021,2.0,-16.457478137731975,-2.9408070358480165,53.72625951788068,0.0007629393716385766,36.02974230809465,0.47734029085775603,0.2642569220230506,6.326819951988883,7.058617113943909,41.73687670514475,1977259.5238095243,211103.81260522365,-0.0821229011204021,-46.95892038600045
2021-01-07,85.83999633789062,87.23999786376953,84.51000213623047,85.12999725341797,4227800,0.0,0,-106256593.4557894,12.77852164829885,-44.00000000000001,-0.6403663280525791,0.4860008782740467,9.970242440684396,-0.13032284390494683,False,False,False,False,False,False,False,False,False,False,False,False,False,False,False,False,-2.8970138549804716,0.4391266674158545,-15.384555090561179,1234821.5691036733,-2.1705899180781785,83.08862500027229,-53.0867434572056,0.4523255376089925,-0.5119924509519134,46.63494975273289,23.588800683918198,1.5996109314058016,0.0,-14.395790832616198,1.2205805232352713,53.851443669831326,0.0003814696858192883,48.1770756283384,0.48981567287712674,0.23538095982334525,6.43901884072517,6.917091195228968,39.41189904092912,1892235.714285714,193879.70962803985,-0.07852384154738556,-38.24213062279177
2021-01-08,85.33999633789062,86.5,83.69999694824219,86.48999786376953,3692500,0.0,0,-102590474.06134468,12.6435060981886,-44.0,-0.6120698849317705,0.6822431355092875,17.259691961817435,-0.09191368660024259,False,False,False,False,False,False,False,False,False,False,False,False,False,False,False,False,-2.681133270263672,0.6525948363657117,-16.151566120567896,1775818.8097635978,-2.1705899180781785,83.23177660414484,-47.819960234480824,0.7445630935696169,-0.3295057386940514,46.08658692266442,23.58897790485692,1.4976177177740662,0.0,-12.899292748305296,5.025930333756349,56.71028270094363,0.00019073484290964415,65.8511638161091,1.0,0.2143700077353644,7.3138639759853366,6.776233660406325,48.354888312997154,1524447.619047619,61971.56114203978,-0.07310028505076938,-17.245457542880313
2021-01-11,85.54000091552734,85.5999984741211,82.8499984741211,83.13999938964844,3993200,0.0,0,-105741469.22070193,12.12183334479513,-44.0,-0.8039093887786066,0.2579173094848028,-55.97232194658463,-0.14720219344665594,False,False,False,False,False,False,False,False,False,False,False,False,False,False,False,False,-1.1563472747802734,0.2936425945331962,-14.306298412634602,-388900.1497541091,-2.1705899180781785,83.23057141201745,-48.206623877742835,0.16380252465877368,-0.4229786723367046,48.26690361119727,23.570483919565234,1.3686302076122694,0.0,-11.698777485004346,0.8735758756354974,48.70628780066886,9.536742145482207e-05,60.45780298165178,0.0,0.1911977173840686,5.800228126808197,6.415970606765818,45.3681993185906,240359.5238095238,-95677.94752772644,-0.05041506944662655,-63.139002889372414
2021-01-12,83.83999633789062,85.98999786376953,83.20999908447266,85.43000030517578,4103400,0.0,0,-103291231.08469008,11.800551402656508,-32.0,-0.7655386965418387,0.6009226192703382,0.8960891690227357,-0.11062324332922512,False,False,False,False,False,False,False,False,False,True,False,False,False,False,False,False,-0.38109130859375284,0.5745748809133014,-0.3108820731237663,1009055.5511786068,-2.1705899180781785,83.24026904393907,-43.40174058858874,0.6073723942192605,-0.32362212123032963,56.601556907322795,23.573611701003912,1.269594217460238,0.0,-10.679993855446238,2.1279124289629503,53.53414739790999,4.768371072741104e-05,63.91400232636747,0.6031812435406967,0.17260009986346828,5.929444857820823,5.7224129317778285,44.623225934868074,236442.85714285728,-41644.06336421186,0.12720628378390852,-27.873532588644686
2021-01-13,85.4000015258789,89.27999877929688,85.4000015258789,88.87000274658203,4295600,0.0,0,-99903455.9325445,12.688453743874671,-32.0,-0.44845081433071243,1.0248927386110973,154.52015205686004,-0.026954722436539878,False,False,False,False,False,False,False,False,False,False,False,False,False,False,False,False,0.5836139678955021,0.9519551337692906,14.910414043462607,2975886.827768047,-0.8749378223086808,83.61978042025919,-35.24690156237929,1.238107968999995,-0.03448420835443411,56.95627204301663,23.60742921624557,1.2561569233684993,0.0,-9.732138716472807,5.333649227814329,59.67431262666653,50.00002384185536,67.76961669017237,1.0,0.16557295481389964,8.031795097691118,4.9331518734117665,53.561998841386405,426354.7619047621,285994.24695030705,0.2424940597165539,-5.678614451465647
2021-01-14,89.41999816894531,95.75,89.30999755859375,94.94999694824219,7465800,0.0,0,-94292519.4479407,15.005322751546998,64.0,0.7639934261208055,1.363144830001959,337.9854666445453,-0.021382805903224385,False,False,False,False,False,False,False,False,False,False,False,False,False,False,False,False,-1.9365623474121065,0.9466792913272933,37.72468286470997,9035334.525337525,0.6568031595461434,85.06224151419246,-16.761693613740174,2.1944866694002996,0.5270046013554923,61.063301006318845,23.846950614556615,1.406115040754448,0.0,-7.724357619348187,11.078606948300322,67.7786718548831,75.00001192092768,86.86805006359772,1.0,0.18043781170368073,12.980682318527375,4.226328400257147,61.66647782163691,1248373.8095238097,683739.3096480025,0.37539729223964424,-5.843702769096332
2021-01-15,94.0,94.23999786376953,92.33000183105469,93.0,4006500,0.0,0,-95488178.35937165,17.156701115814162,64.0,2.1934909750591345,1.0703355736963363,258.8493960388607,-0.00023212151328411729,False,True,False,False,False,False,False,False,False,False,False,False,False,False,False,False,-1.5611026763915987,0.8167107631305215,45.85866001544207,6628477.768413261,1.0518036173098153,85.61702386813603,-4.5588754482156375,1.8112041952226197,0.7161070799142228,57.4577914963788,23.982037019612495,1.6092713122931512,0.0,-6.362397852648012,11.658060964989698,63.37921360827723,87.50000596046384,89.463343712993,0.7693283527586179,0.20428708699389875,15.393523955272808,3.984584695199195,58.72548681736875,987802.3809523815,428486.89118000073,0.41803292403782066,-20.087651640458855
2021-01-19,93.0999984741211,93.77999877929688,90.73999786376953,92.66999816894531,3094500,0.0,0,-94653478.26350231,18.399077171234904,64.0,3.607933904389597,0.9779559980182229,186.3911320422821,-0.018340173735849525,False,False,False,False,False,False,False,False,False,False,False,True,False,False,False,False,-0.502227783203125,0.7947159326652327,32.96935444882153,5535667.992040119,1.0518036173098153,86.45959158001072,4.338113346387274,1.6809141408280288,0.7636441069126241,52.120167341442944,24.155190952898053,1.8242126823878615,0.0,-5.793567954118136,10.36083937330844,62.63822304671885,93.75000298023193,83.85682079266918,0.7304768615422037,0.23185109974864582,17.015884037178953,3.8594925852457815,61.689998391715186,588185.7142857146,-93262.4091921133,0.29741373356967016,-22.49818321243708
2021-01-20,92.33000183105469,96.01000213623047,92.0199966430664,95.29000091552734,3904100,0.0,0,-92158377.20877343,20.016216290471508,76.0,5.176832950358687,1.041850869744527,181.9455193781669,0.07343411289498618,False,False,False,False,False,False,False,False,True,False,False,False,False,False,False,False,-3.5315567016601506,0.9528289062414831,52.31647906662973,6206108.66788166,1.0518036173098153,87.71242686470673,11.578855693420067,2.0511385158435385,0.9064805829523053,57.27593852523657,24.32150034884056,2.07706288215948,0.0,-5.457827067398048,11.737807551025154,66.03358175779107,96.87500149011595,84.08428925587411,0.9085017325505022,0.26624583164620447,19.511906986141284,3.3954774513011596,62.882231757898694,-714969.047619048,99397.71057110268,0.39478182722685473,-5.161297379481584
2021-01-21,94.98999786376953,95.76000213623047,93.69999694824219,94.51000213623047,3060300,0.0,0,-92812024.16609707,21.51784547261979,76.0,6.332442320575979,0.9311791418527634,149.616473273894,0.051894632917448315,False,True,False,False,False,False,False,False,False,False,False,False,False,False,False,False,-3.779501724243161,0.9017270546171057,57.99971419510337,4978517.391858249,1.0518036173098153,88.40795789697066,18.778168217236875,1.8145715798456767,0.8825149763250519,62.042813335253236,24.387966257416526,2.3203295981585113,0.0,-5.597071743379015,14.128734358865502,64.16407542679123,98.43750074505797,87.19594492149622,0.8104800942652374,0.30124061284343706,20.925965064841947,3.0438435881328214,66.51505569051837,-1049576.1904761908,85328.09017481407,0.44406191693119845,-10.752684643592541
2021-01-22,93.0,96.0,92.05000305175781,95.48999786376953,3692700,0.0,0,-90072886.8716563,22.122322413008654,84.0,6.335723492507853,0.9261287916306753,123.12359148828176,0.08985340781350454,False,False,False,False,False,False,False,False,True,False,False,False,False,False,False,False,-2.5330001831054716,0.9627237202993785,57.11923903119914,4784276.36774757,1.0518036173098153,89.19629785581367,26.61866186562984,1.868389457796205,0.8655646800888892,56.716693511186854,24.523707874154507,2.5557898620967077,0.0,-5.782912840125021,14.81303350494044,65.4861924623656,99.21875037252899,93.45279666895453,0.8798011100237383,0.3366560265076236,22.48688372632124,2.8990371541396764,67.39115177538231,-936204.7619047617,13240.281756317621,0.42748746553585315,-3.7276279700621564
2021-01-25,94.66000366210938,100.16999816894531,94.0,97.4800033569336,5322700,0.0,0,-89391366.6561042,23.563215741468223,88.0,6.831615301224517,0.9590133603247032,141.1907298038602,0.1152971459765309,False,False,False,False,False,False,False,False,False,False,False,False,False,False,False,False,-3.1645027160644474,0.8514635714327843,80.40709592200778,5613980.063564254,1.2318039224855966,90.16775243402866,31.302675540103372,1.9900705939263044,0.916383673718026,64.20251155026085,24.822447075415766,2.8017330246005634,0.0,-5.349993218302997,14.587990721321722,68.06288031175842,99.60937518626449,89.99617974577745,1.0,0.37458226645154,24.61015964618339,2.36626185436897,65.02692855517462,-536430.952380952,149215.17703134206,0.5221526406765118,-15.531148149012825
2021-01-26,98.5,99.66000366210938,96.63999938964844,99.05000305175781,3720100,0.0,0,-87174087.88802232,24.901188117894968,92.0,7.802207713732116,0.9612479148401654,134.79386014828765,0.1310788128636562,False,False,False,False,False,False,False,False,False,False,False,True,False,False,False,False,-2.5385021209716854,0.9381559867785251,87.70411288343492,5646348.0351573005,2.3268051431887216,92.38287864113141,38.46111161694206,2.0874214405547757,0.9781227171072793,70.8763443481692,25.084513780036236,3.0604649105648463,0.0,-5.1482063378741625,16.351469807877805,69.96783872922086,99.80468759313224,91.42491308555533,1.0,0.41520366853075374,26.97878380657577,1.773956211695051,63.61305538485758,-250226.1904761903,170840.1554356751,0.5691009835837731,-6.4664846242589205
2021-01-27,98.2300033569336,103.5,96.08999633789062,96.63999938964844,5775900,0.0,0,-92092562.50161067,26.795353465484304,92.0,8.669553003885127,0.8143899161311351,119.72269829144929,0.06259026317552792,False,False,False,True,False,False,False,False,False,False,False,False,True,False,False,False,-6.44650039672851,0.6800373213995952,99.30133817795857,2851164.008423753,4.281803159546143,92.96335382884871,39.91110867486098,1.5183784975526067,0.7872459177041238,70.13835241460879,25.39048418434944,3.263954813958667,0.0,-4.324219581599683,11.73546280098906,63.68797772813925,99.90234379656611,81.59400924757055,0.7046376803750275,0.4492934608821981,27.103097114116515,1.7181511487660246,54.61835093096597,628488.0952380951,-80619.04938626844,0.5323400242549321,-33.22033948401651
2021-01-28,97.23999786376953,99.02999877929688,96.69000244140625,97.51000213623047,3124700,0.0,0,-93027299.20557666,28.55422128824583,88.0,9.029788183842925,0.8182001785808362,95.26355224389775,0.07251053292611538,False,False,False,False,False,False,False,False,False,True,False,False,True,False,False,False,-4.867499542236331,0.7206158030933206,85.44553208024534,2832211.6618267708,4.996803312134034,93.45915925193262,38.84984487609937,1.5659170003188274,0.6555685328742222,64.27741682308101,25.580961448830102,3.42886818281429,0.0,-4.124172693054169,17.284102540384676,64.91229544521292,99.95117189828306,77.10197481918823,0.7622213308428557,0.47847682508678213,27.56824442708111,1.5922917928593483,53.54005705583058,-25385.71428571455,-112404.32574048312,0.4371115477362256,-29.00725143415981
2021-01-29,97.19000244140625,97.83000183105469,92.11000061035156,92.93000030517578,4510500,0.0,0,-96244579.68313397,28.246331227880813,60.0,9.051052923799105,0.5992877059370072,46.76940368503168,0.045583064131734206,False,False,False,False,False,False,False,False,False,False,False,False,False,False,False,False,-1.8754970550537138,0.5069963390297575,63.46496047831327,-523546.8982873629,4.996803312134034,93.44996826947394,30.302046277215112,0.8129266399159354,0.2185982070802841,63.024224268926645,25.770133695241636,3.474976820536132,1.0,-3.803659239374572,8.7791173747024,54.495501710780935,94.54161301166609,62.19532455466567,0.2722855886462063,0.4916391712731498,24.59665024953543,2.2939647592849988,45.09877611816417,179652.38095238153,-183726.0483781547,0.34154819501006983,-51.18643541782662
2021-02-01,93.43000030517578,93.5999984741211,90.55999755859375,92.94000244140625,3774100,0.0,0,-94109223.28636542,27.41557881855909,60.0,7.948351943758425,0.584307553849901,17.822367894891908,0.04227047485511169,False,False,False,False,False,False,False,False,False,False,False,True,False,False,False,False,3.8214969635009766,0.5074628565246974,51.14151311644518,-443361.76105382363,4.25,93.44769577754552,24.037913108843284,0.7585376056952611,-0.09439201249129514,62.87045570390334,25.915035295295695,3.4365169669535685,0.0,-3.6927279493974985,4.579722706243252,54.51266930133918,67.18211388237553,55.92032833189979,0.059543646263139106,0.4926039327919597,22.268727424107905,2.6284325400785953,48.775133057787414,-471964.28571428545,-211449.98773464482,0.27446510615990016,-52.04532815231414
2021-02-02,94.11000061035156,94.11000061035156,91.36000061035156,92.45999908447266,2987200,0.0,0,-94706666.60135122,26.770979839022488,60.0,6.689082138150539,0.5422382617571496,16.96323810569546,0.06750615414705537,False,False,False,False,False,False,False,False,False,False,False,False,False,False,False,False,1.3889999389648438,0.46537529783269793,53.63390104747419,-584862.3705935676,4.25,93.4425358539254,20.12337855675807,0.6330041108334564,-0.344322306216291,62.39194442564163,26.04539485549899,3.331100740622082,0.0,-4.021391976473282,-2.622430693838615,53.47010642217339,33.591056941187766,45.2579170305252,0.0,0.4833685119404637,20.063322126959722,3.15644886641571,44.79952085233483,-438069.04761904804,-15021.657691483239,0.28478575303202136,-60.99448533828359
2021-02-03,92.36000061035156,93.75,91.0199966430664,93.37999725341797,2986900,0.0,0,-92529407.51330028,26.04509949396003,60.0,5.051530464771076,0.5677205978028319,12.608423246078054,0.12944102333551155,False,False,False,False,False,False,False,False,False,False,False,False,False,False,False,False,0.5484981536865234,0.5099272639810953,33.67101757598711,-108747.38467695029,4.25,93.44125082937501,14.049346421872244,0.6939134256091373,-0.45149649419926696,61.698968081731536,26.158949728723638,3.197403766114874,0.0,-4.617764537967595,0.40859919722362226,55.23716037544998,16.795528470593883,38.54744998886602,0.10710889959838586,0.468877195178049,18.70705681811052,3.507675077019191,45.11497967242216,-852457.1428571427,14292.47181686419,0.17984573496143053,-71.31783654280417
2021-02-04,93.37999725341797,96.23999786376953,93.37999725341797,95.16000366210938,2794000,0.0,0,-91845549.58006547,26.003305653718023,60.0,4.215233842868983,0.6441806592246931,47.120470830010056,0.15029399523731016,False,False,False,False,False,False,False,False,False,False,False,False,False,False,False,False,2.6640007019042997,0.5961261151754004,19.42378944170912,617264.7996888696,4.25,93.45505598463944,7.5919276803220015,0.8716323893913637,-0.40766290415430584,58.405232001052305,26.146154061739235,3.076045121214766,0.0,-5.437911127788309,2.686959687454153,58.51948251990509,8.397764235296941,34.41213494130352,0.3060648581123309,0.45455562457275983,18.46523918750855,3.6613496329679,42.814736337438816,-845457.1428571427,82979.47442939745,0.08811586887057665,-64.45127329500163
2021-02-05,96.41000366210938,97.9000015258789,95.91999816894531,96.75,2545300,0.0,0,-92256910.1064928,26.341503602175635,60.0,4.336165043071006,0.71477048122425,79.73204116887648,0.17754829865943705,False,False,False,False,False,False,False,False,False,False,False,False,False,False,False,False,1.303001785278326,0.6731235108365105,28.52147768258804,1107229.4967094609,4.25,93.49590947065218,1.0071821026221954,1.0191286442502547,-0.28267524617002593,64.9588385288373,26.085519394140444,2.9885874094049787,0.0,-6.472322042742901,1.532163994590488,61.25264162929213,4.198882117648471,37.35568897609161,0.47173363358515713,0.4435547758709495,19.047785962953753,3.67278590708969,50.307826200113695,-888385.7142857141,95787.69268648776,0.1397724596750538,-52.16382323391932
2021-02-08,97.5999984741211,99.47000122070312,96.66000366210938,98.94000244140625,4464400,0.0,0,-89476587.40617351,26.98834605167664,60.0,5.207370279630382,0.8193192763965553,104.79229414170872,0.1647020060457134,False,False,False,False,False,False,False,False,False,False,False,False,False,False,False,False,1.6604972839355412,0.779176889993006,40.90672913387905,2345774.8399529755,4.25,93.57187000930097,-1.4866345506343634,1.2354928006100345,-0.07443858831272543,71.68985651940969,25.992902936124455,2.9566781552531984,0.0,-6.737240940691834,4.687334890533811,64.70247531051281,3.4857383164848734,49.381787251170145,0.6808432019194056,0.4391227368563537,20.588176824708768,3.616403695862371,53.69622523354318,-493735.7142857141,143583.3057238652,0.2248258122850364,-35.23954171756859
2021-02-09,102.5,105.01000213623047,101.3499984741211,102.55000305175781,6002200,0.0,0,-91542907.47771464,28.528436813535727,80.0,6.780609749509566,1.034171634690945,196.69695242795802,0.173936116629699,False,False,False,False,False,False,False,False,False,False,False,False,True,False,False,False,2.6800025939941463,0.8871560210963229,50.37380210672354,5106084.957595714,4.25,93.85891857802584,0.3756135178980031,1.5922251501767137,0.26585144653179604,73.02308729850664,25.85423567678745,3.013911683337251,2.0,-5.8700493699646055,7.3934499381395025,69.51994666328935,16.26005917273983,65.19080844139286,0.9728512950994979,0.44619314454975034,23.530865038998712,3.616403695862371,60.03308867660403,425800.0,320055.60872250434,0.2712212383448315,-17.02420972433343
2021-02-10,104.38999938964844,108.6500015258789,103.0999984741211,106.22000122070312,4318300,0.0,0,-91006036.14360233,30.421265889901992,84.0,8.778767678095278,1.1885205417764106,222.6301752790115,0.15010171494551647,False,False,False,False,False,False,False,False,False,False,False,False,False,False,False,False,3.2105022430419865,0.8954838578419019,71.67663731113478,6640666.119790119,3.854999542236328,95.43731469217501,7.147262676905527,1.8991942081048168,0.6742943886450217,73.85283865406757,25.941801166767554,3.1756358063225694,0.0,-5.022024237680751,8.965939231420707,73.48230633661785,40.44419814185956,78.10113799871564,1.0,0.46755470969879387,27.47163445359158,3.6097806751989596,58.962807441890675,926942.8571428573,373541.5978175634,0.32081034839623634,-13.432834561950965
2021-02-11,108.1500015258789,111.41999816894531,107.25,109.2699966430664,4692400,0.0,0,-91152327.55366874,32.47936657847993,88.0,10.894177044139155,1.1980358261638793,240.306118411022,0.10640627094566275,False,False,False,False,False,False,False,False,False,False,False,False,False,False,False,False,-0.21950111389159588,0.9027588662809757,99.02606544231432,7736542.176948311,3.854999542236328,97.52143894353365,13.657787671001131,2.1553121427296387,1.062939018592691,80.81752998550863,26.028410413178012,3.4334157063424957,0.0,-4.07527287254298,10.318014413354652,76.24601735802277,64.14033883043871,86.4120471379194,1.0,0.5029273645011405,31.76899761724338,3.6097806751989596,59.127084677701596,931535.7142857141,289278.05952787976,0.45517708249429667,-10.306814299957354
2021-02-12,108.52999877929688,110.63999938964844,107.70999908447266,109.26000213623047,2262700,0.0,0,-91021040.15440668,34.3904600750166,88.0,12.613500460456379,1.0648100866060974,192.42410198639604,0.042464960098832785,False,False,False,False,False,False,False,False,False,False,False,False,False,False,False,False,-0.06499862670898438,0.8964527339638251,72.20969689915698,6628091.213010313,4.084999084472656,102.21865690521939,20.9372718385727,2.124473889588598,1.2210969947044452,75.23603817314023,26.055502186395806,3.7262758928838666,0.0,-4.066246683619303,13.0587777589885,76.21798489817067,82.07016941521935,88.63520817815805,0.9987692057660809,0.5447080204151855,35.08471645300698,3.609781502916164,57.31465428430374,-96392.85714285728,134530.36164154916,0.3661467497577944,-10.354726603617488
2021-02-16,108.94000244140625,111.41999816894531,108.62999725341797,109.9800033569336,3719700,0.0,0,-91141015.38349353,36.25135897176115,96.0,14.234764278636234,1.0053866471035098,168.59090214502422,0.05663856744945924,False,False,False,False,False,False,False,False,False,False,False,False,False,False,False,False,-5.494000625610354,0.9309686112234754,70.58808077124674,6063819.402673042,4.084999084472656,105.33758388614221,28.024766302284576,2.088301055230184,1.270302993883904,75.43308120199252,26.03287282398405,4.025743958133064,0.0,-4.062327968093724,12.788432927405111,76.87751570314128,91.03508470760968,90.81177340625756,1.0,0.589032373861868,37.979096797813355,3.609781502916164,56.09196732386345,-295897.6190476194,24305.106961178193,0.35992073342189956,-6.9031388776524585
2021-02-17,109.5,110.48999786376953,107.0999984741211,108.2300033569336,2752700,0.0,0,-92058573.79000755,37.30402096554131,92.0,14.667616900275704,0.8802845527863469,123.2216311081009,0.033959873179019676,False,False,False,False,False,False,False,False,False,False,False,False,False,False,False,False,-6.261998748779291,0.8470759962284605,44.69406935212437,4509384.488005465,5.2649993896484375,106.23427041042378,31.28238783592451,1.7314966948665549,1.08811555987569,68.30275204264191,26.009180267816102,4.2750125981475255,0.0,-4.462100913840021,16.4640083950432,71.6746622998335,95.51754235380484,89.14991138052535,0.7777262173333244,0.627822795392059,38.87929725785639,3.576102856340719,55.731919955677576,-726521.4285714286,-19288.84957375718,0.2763976401594068,-15.292400377153951
2021-02-18,107.38999938964844,108.63999938964844,105.72000122070312,106.5199966430664,3314300,0.0,0,-93556828.24824181,37.6976054469601,88.0,14.269058160220851,0.7783614914566432,87.6330784215683,-0.018444087984326122,False,False,False,False,False,False,False,False,False,False,False,False,False,False,False,False,-7.303501892089841,0.765100604865403,44.88122100965957,3055547.382323253,6.354999542236328,106.29435026503192,31.650435484625717,1.4264122437483133,0.7705180137476422,67.65521370709607,25.962255439466478,4.4424613570210045,0.0,-4.854363714363355,14.611570739113787,66.90953291791237,97.75877117690243,84.77150707724462,0.5741526682607424,0.6560609985122521,38.207502336759305,3.650042762394457,52.54978353174584,-389530.9523809524,-96166.0198112939,0.2858790814882446,-23.4899395134597
2021-02-19,107.41999816894531,109.93000030517578,106.69999694824219,109.43000030517578,3073300,0.0,0,-91435013.32747641,38.274193286297475,36.0,13.3610875522389,0.8545810709058035,94.56717700655037,0.018158201107689693,False,False,False,False,False,False,False,False,False,False,False,False,False,True,False,False,-7.129503631591803,0.9046022144993603,79.58000585326052,3896656.935528609,5.630001068115234,106.98595594137991,32.49835108342731,1.7124532783667827,0.6777791234408888,75.4374594298842,25.85274081298579,4.583695099380161,0.0,-5.320665673436153,18.353884262100316,70.5033955220816,98.87938558845121,83.89262718644078,0.7276879254534866,0.6806865140555342,38.72456367143316,3.2578819560194527,55.85632426262197,-502340.4761904762,31593.914630198946,0.4609972112981927,-9.539778550063968
2021-02-22,108.93000030517578,115.33000183105469,108.93000030517578,112.7699966430664,4256300,0.0,0,-90583759.41616096,39.54158007400007,52.0,13.12047022651221,0.9244061263149993,118.78780023788045,-0.006687014720399457,False,False,False,False,False,False,False,False,False,False,False,False,False,False,False,False,-6.213497161865234,0.896648980766044,137.18223669746823,5370852.575162217,6.020000457763672,108.3445869918834,38.04367962022545,1.9960231023683088,0.7567351405445972,82.73205251492271,25.71919801023609,4.739988561196677,0.0,-5.277047379621192,20.76461764828196,73.9944863426409,99.4396927942256,85.47987233936482,0.8768326162928025,0.7072086885080657,40.30970936332936,2.8099501185088527,55.84452334835292,-35583.33333333349,213868.7896430997,0.6843693529368073,-10.530664918381815
2021-02-23,115.37999725341797,115.94000244140625,110.05999755859375,115.12000274658203,4174400,0.0,0,-87573646.45139109,40.789036799435266,56.0,12.866941205193001,0.9418542571112283,116.93745028127158,0.024155942834269944,False,False,False,False,False,False,True,False,False,False,False,True,False,False,False,False,-5.505500793457031,0.9676911135907807,141.62850264115212,6004997.275641276,6.270000457763672,109.94436840112077,41.49769693556743,2.2036030488630725,0.8742635780276871,83.3634021537984,25.79037377813977,4.919757316236805,0.0,-4.943151932163776,20.975197894428295,76.13472972313276,99.7198463971128,92.21300960892864,0.9656758879990274,0.7369456780547963,42.33811730089978,2.1757803527263624,60.44180413271744,166316.6666666665,216899.8029887991,0.6539214312162572,-3.2905277047682175
2021-02-24,115.04000091552734,121.12999725341797,114.5,119.0,4698100,0.0,0,-85894232.49718818,42.4717480425923,60.0,13.665353101842513,0.9864648724028474,141.21704729359172,0.01678996516782838,False,False,False,False,False,False,False,False,True,False,False,False,False,False,False,False,-4.312998199462896,0.9303239360588349,192.4489663740123,7751228.392875802,7.5800018310546875,112.10094561580584,45.133884511228246,2.4911390239990863,1.1054552637420043,84.17725907589656,25.94934934873003,5.148105159699421,0.0,-4.218410530658266,22.997416020671835,79.18122193961801,99.8599231985564,92.83438053292237,1.0,0.7736329980503609,45.14765343983177,1.5470633935509839,61.55999180774501,585688.0952380956,245334.49447736566,0.783302981122926,-7.67566577808277
2021-02-25,119.8499984741211,121.30999755859375,113.6500015258789,114.81999969482422,4935000,0.0,0,-89321675.32898982,43.691077558380115,60.0,14.773441247379054,0.8203816402005616,111.94910035919548,0.03675574768189032,True,False,False,False,False,False,False,False,False,False,False,False,False,False,False,False,-1.6119976043701172,0.7889431589018039,171.00424309148562,3697009.835887476,7.5800018310546875,112.31593450684363,41.73135103558252,1.8463408539139272,0.8788796505111254,75.40784626174036,26.137248680251552,5.319128248317881,0.0,-3.193173016078082,16.050128220708647,68.96701353632315,99.9299615992782,87.82418991062252,0.4302834788646352,0.8026615194891475,43.96289731153696,1.4741175168709133,54.26647753275115,658992.8571428573,-15002.607777325495,0.6403821677306073,-25.56123678528137
2021-02-26,113.87000274658203,116.45999908447266,111.26000213623047,112.91999816894531,3963300,0.0,0,-90754565.27608287,43.89654074728863,60.0,15.059353390861943,0.7383394600179726,77.56302192864156,0.02981608327826083,False,False,False,False,False,False,False,False,False,False,False,False,False,False,False,False,1.2875007629394588,0.7271544913935467,125.41012225934155,2093111.8525441415,7.5800018310546875,112.33161674545886,33.3725069051016,1.472680915432054,0.5207628818709633,68.96197827125289,26.339250112661546,5.404503445709841,0.0,-2.416994027758965,10.112135356986464,64.87069797403333,99.96498079963911,77.57552677627876,0.011618592950743571,0.819539972263664,41.60924530354652,1.9111463767888484,53.0059897654628,487340.47619047575,-238930.38507915966,0.4472475249183714,-34.036517107799504
2021-03-01,116.19999694824219,117.8499984741211,113.83999633789062,113.91999816894531,3604600,0.0,0,-94215337.62192068,44.27230883514075,60.0,14.898087983972871,0.7444048997115841,86.92570233293135,0.026941896106348413,False,False,False,False,False,False,False,False,False,False,False,False,False,False,False,False,3.287996292114258,0.7596748165967988,135.99054951543332,2309038.730752121,7.5800018310546875,112.3846439181156,27.604595770564288,1.4876532229414359,0.28285613666992937,68.84226354403863,26.40866289032269,5.43332755879922,0.0,-1.975553583957275,7.24910267346278,66.01481986446487,99.98249039981955,67.79273312345914,0.0799496855029927,0.827807837467658,40.11210715031273,2.2255974830819865,50.56503246175559,184254.76190476213,-33661.5985940512,0.4574881015022373,-37.02404673654163
2021-03-02,113.83999633789062,114.11000061035156,111.33999633789062,111.68000030517578,3369700,0.0,0,-96757810.47288606,43.706896196586584,60.0,14.004852384679438,0.6560581853309395,56.177945972020154,-0.035354658712572845,False,False,False,False,False,False,False,False,False,False,False,False,False,False,False,False,2.3410018920898494,0.6820733918010081,95.39233550738761,900873.0832812197,7.5800018310546875,112.37686918084039,19.906219179785296,1.0875248689054298,-0.07464761078031579,61.2141640595429,26.245801759438823,5.380076073375807,0.0,-1.860866983447817,2.2055493146775884,61.20609700862021,49.99124519990978,58.685472426082754,0.0,0.8236835069329198,37.30695690485191,2.7669475294392476,46.34752623115123,-149476.19047619076,-34336.36893794065,0.28832497510738664,-52.88301887741058
2021-03-03,112.0999984741211,115.7300033569336,112.05000305175781,113.98999786376953,4271000,0.0,0,-96525703.32343908,43.43874225794388,60.0,12.358382572847233,0.7139614577928821,68.50762516281937,-0.023872311592179965,False,False,False,False,False,False,False,False,False,False,False,False,False,False,False,False,1.9845031738281307,0.7583361018958629,77.82166589647638,2181605.4389201747,8.069999694824219,112.44065149683247,14.861132917059223,1.2341534766588809,-0.19783128983220788,61.40170012238027,26.126379103406613,5.29895248516221,0.0,-1.5855735447080384,4.329119197381566,64.10955624728152,24.99562259995489,54.37991673398261,0.16152651232227816,0.8144138881453747,35.87722074170471,2.9869813179738607,45.49865683162631,-43530.952380952425,22083.60253368273,0.2498442252764117,-46.953184184099925
2021-03-04,114.02999877929688,115.16000366210938,106.75,110.11000061035156,5015100,0.0,0,-97533494.94689369,41.53000257212907,60.0,10.358824157714821,0.5518969192762408,24.297673536867677,-0.06396896502980348,True,False,False,False,False,False,False,False,False,False,False,False,False,False,False,False,-0.601996994018549,0.5989976073803807,20.703021360959514,-909848.7988707724,8.095001220703125,112.39382283554876,6.581799594276077,0.6365658743641809,-0.5622703079581806,52.44117051804058,26.007393570897055,5.136574919602793,1.0,-0.9282615676963194,0.11820080873799427,56.465249745629094,12.497811299977444,42.77429198968403,0.0,0.7927621395021003,32.0763387824053,3.592834977254102,40.6924681883939,403585.7142857141,-82362.53836935786,0.04809269695940954,-71.84092096943739
2021-03-05,111.55999755859375,112.29000091552734,104.12000274658203,111.16999816894531,4574700,0.0,0,-94213061.21693136,39.07818557156752,60.0,8.766794900333153,0.5723972614883343,-7.33926180671086,-0.02959112129320265,False,False,False,False,False,False,False,False,False,False,False,True,False,False,False,False,-3.1125034332275447,0.6006301837965959,-12.89743564762574,-87131.7088465438,6.780002593994141,112.38043327755922,-3.2678274760226884,0.6662870028821732,-0.7422785472446956,50.32830489175009,26.100084777176846,4.935378387602115,0.0,-0.24460554882185293,2.716432339298613,57.94073584253677,6.248905649988722,40.73936566643098,0.06495368476010527,0.7644051154774947,29.500235821726566,4.0001125813146245,44.963400899493585,640109.5238095243,-126664.89322909192,-0.026718008426691364,-58.98779784716973
2021-03-08,112.38999938964844,114.97000122070312,111.16999816894531,111.69999694824219,3383800,0.0,0,-96652962.04371613,37.34561787725469,60.0,7.629883597878816,0.5746438986652788,41.76122671647473,-0.05437562696018797,False,False,False,False,False,False,False,False,False,False,False,False,True,False,False,False,-0.9499996185302706,0.6101418665372507,21.57282056138147,181517.08804364325,6.780002593994141,112.37465740373909,-13.69670324029022,0.6356577568393511,-0.8293842989839284,50.104178935380865,26.03841273763023,4.7167515794761075,0.0,-0.041827525237095625,4.86293697748906,58.694544579592616,3.124452824994361,37.75555502181256,0.09813776909594192,0.7323754204301658,27.659336062110395,4.3230624392061054,45.64012775542266,368369.0476190471,60171.470674261545,0.08272212861942885,-55.90461611795518
2021-03-09,112.19999694824219,112.75,108.70999908447266,111.0,2862400,0.0,0,-96270363.46195227,35.12121278261163,60.0,6.68764848148119,0.5011946164484095,-5.2056799732392705,-0.08573237160893933,False,False,False,False,False,False,False,False,False,False,False,False,False,False,False,False,1.786996841430664,0.48346703249029027,8.80198096082836,-130652.67662665399,6.780002593994141,112.33063803261747,-23.70793534089148,0.4950502219681855,-0.930299463159864,49.95800564885646,26.00149547873798,4.477819522768035,0.0,-0.37001912962895084,1.4347068358273243,57.235492213285724,1.5622264124971805,41.71028382628528,0.03390752819553329,0.6965188474344637,25.723594251922876,4.662209777721677,48.14146978850181,-357033.3333333335,-1805.831573564732,0.05210720514891143,-59.97673455601926
2021-03-10,110.94000244140625,114.93000030517578,110.69000244140625,114.30999755859375,2987900,0.0,0,-94156287.58452646,33.50352325378342,56.0,5.9188539392807655,0.7244303979531082,44.448699453883314,-0.034282964603190816,False,False,False,False,False,False,False,False,True,False,False,False,False,False,False,False,3.5490032196044865,0.6155958071426387,40.04841787453601,1300860.8065089057,4.820003509521484,112.4084688947091,-32.41571867378448,0.7864118988725625,-0.7765511378531258,55.511662183929616,25.99918259336099,4.27591229033317,0.0,-0.9768402830225236,1.3656122739824785,62.04065457903815,0.7811132062485903,47.799095804778574,0.24543985112309707,0.664665462906139,25.44169740946932,4.70518078780497,53.900161456521644,-862652.3809523806,71160.60329164514,0.14896150825203902,-40.72136191168984
2021-03-11,114.45999908447266,117.0199966430664,113.2699966430664,115.83999633789062,5175600,0.0,0,-92237866.02690928,32.404989453991455,52.00000000000001,6.156411810482226,0.8237318853382105,89.74394782169324,-0.015979735666285855,False,False,False,False,False,False,False,False,False,False,False,False,False,False,False,False,6.948000717163083,0.681791572334804,43.61241124984356,2246260.931597477,4.820003509521484,112.44128260907435,-35.46891964295418,0.9046451062551482,-0.5830698588296572,57.31179731036554,26.004474544822173,4.119472362125175,0.0,-0.8154596369154423,0.6254287475075401,64.05138937521363,0.39055660312429513,55.8270202552571,0.3339561945577647,0.6383731359760041,25.80822017895238,4.756526114629994,56.672674912032384,-415550.0,158372.14448654826,0.17990247076604882,-31.820842766519597
2021-03-12,115.75,118.02999877929688,115.5999984741211,117.8499984741211,2617100,0.0,0,-90008485.15408154,31.57502368913965,48.0,7.208117137235732,0.9317063895781587,124.329755116327,0.015248853173400667,False,False,False,False,False,False,False,False,False,False,False,False,False,False,False,False,2.3390003204345646,0.7987201786672478,13.713616249669835,2676848.882901946,3.7300033569335938,112.71358310569632,-35.412942287033616,1.087475906289707,-0.34286571551552747,56.15511584571855,25.964485894604152,4.018210910670445,2.0,-1.2373212370215585,-0.9663878368730304,66.55763257135818,1.6335901973697324,69.10993772950512,0.4442857536337242,0.6193418258197183,26.876667156481126,4.763533164720247,58.365737151066085,-380230.9523809524,114684.2815197308,0.13021114845702053,-20.12798213327522
